Element;X;Y;Z;XY;YZ;XZ
163;-184.8062;-382.1693;-295.3270;6.7810;-0.9183;19.4099
164;26.0539;-166.3420;-62.6309;-19.7228;4.8288;13.4264
165;-63.6307;-240.7565;-132.3348;-45.3688;-1.3619;1.6515
166;-54.9856;-234.3990;-122.7971;-32.0228;-4.9270;1.1690
167;-132.8870;-306.2148;-177.1622;-41.8324;0.6502;-2.9232
168;15.9280;-149.3899;-28.7571;-41.7971;8.1887;-10.1190
169;-43.1453;-219.8888;-93.9959;-25.0989;6.9102;-6.3492
170;-24.2354;-204.6324;-59.5077;-3.6878;6.7104;-1.7942
171;-54.9479;-206.8267;-109.3755;0.2838;17.7673;5.3639
172;13.0332;-116.6737;-39.7573;6.7724;16.6163;20.8060
173;-67.5053;-171.0973;-115.0589;-4.4656;-0.5268;41.5728
174;-84.3661;-169.8362;-109.7303;-6.2082;-14.5626;33.2068
175;-38.2380;-111.2296;-50.0720;-46.9361;-19.9929;8.2295
176;-8.2632;-125.1792;-86.4226;-39.6825;-26.6269;36.2867
177;31.3316;-66.5808;2.0634;11.7447;-55.2366;57.9338
178;40.2085;-131.2915;-14.4638;1.8850;-40.0426;-0.7544
179;25.2249;-162.5664;-80.7206;0.2234;-21.6447;-14.2019
180;-50.6331;-244.2244;-153.5765;11.8951;-17.9695;-1.1556
181;160.6739;-36.2440;64.0270;15.9330;-5.4539;-0.5641
182;2.2669;-194.2897;-90.2781;20.4936;4.5717;-9.8924
183;-27.8778;-186.3376;-99.1083;60.1910;16.6247;3.2082
186;-116.0614;-309.0766;-196.7957;26.4101;10.0246;-3.7010
187;-27.2508;-220.5212;-93.2986;-21.5157;0.5474;3.0458
188;-81.3245;-260.6447;-143.4679;-37.7561;-4.1209;2.7155
189;24.7364;-149.0844;-50.0196;-47.2755;-5.0690;2.2531
190;-37.3773;-209.6365;-136.4412;-42.8326;-3.2237;-2.9532
191;-93.4361;-265.2059;-181.8865;-43.1219;3.2779;12.7493
192;-34.9387;-219.8088;-119.1636;-24.1037;2.9210;4.5523
193;-104.2687;-289.3877;-164.2962;3.5057;-0.9143;1.5081
194;0.5394;-182.8014;-71.5221;-3.2353;-17.2976;9.8056
195;10.2804;-156.2312;-71.5961;24.2560;-15.6461;-6.5620
196;-101.4573;-224.3251;-136.6366;19.8468;-19.6073;5.4839
197;28.3879;-84.9613;-14.4950;45.6459;-8.2691;12.4784
198;4.6101;-82.8218;-25.5332;37.7748;4.1411;23.9101
199;136.4639;-52.2083;58.9018;8.8132;7.6921;16.2940
200;45.7900;-122.2186;-7.3515;31.4807;-2.6712;8.3691
201;69.4728;-93.5952;29.4701;20.8262;-23.6582;0.9025
202;16.1038;-172.5471;-39.4111;-1.9487;2.7672;-2.0832
203;64.4237;-119.6002;-5.6272;20.7957;6.6518;-7.0530
204;111.8300;-86.5594;18.0363;14.3676;3.1632;-1.8801
205;70.4368;-127.5606;-29.4501;18.1700;6.6570;-5.7330
206;58.0134;-111.8658;-32.0737;54.2471;2.0887;-4.3340
209;-59.3574;-253.4969;-146.9146;25.7261;-6.2443;5.5531
210;32.2711;-157.7309;-49.5084;-30.9392;3.3021;7.8945
211;-76.0123;-265.6869;-144.1748;-26.0883;5.3433;0.5762
212;6.3002;-153.5183;-54.6317;-57.7866;5.6376;0.0595
213;-40.4589;-217.7762;-128.3600;-38.2880;11.7340;2.1637
214;-50.8291;-230.9534;-153.7063;-32.4747;8.7800;6.0878
215;-60.1809;-244.2052;-151.4123;-25.1996;-4.2367;5.2659
216;-62.0108;-247.9984;-150.8360;-5.8877;5.1804;12.9077
217;-15.4541;-199.8691;-94.1480;-9.7243;9.5741;6.4362
218;-22.0893;-184.9077;-100.9636;9.3442;20.2729;-3.8676
219;-60.8134;-206.8001;-125.0856;29.4057;21.6000;-8.1271
220;12.3251;-67.7761;-28.0166;44.8215;4.1468;-15.7001
221;9.2930;-65.5761;-5.7585;18.6103;2.8458;-21.5981
222;90.3943;-80.4329;26.5917;-13.1200;20.9730;-11.9487
223;60.2955;-107.4613;-6.8909;21.8403;8.4456;3.8998
224;56.5522;-112.5813;3.7010;7.9943;23.0010;-15.9640
225;52.5294;-133.3709;-32.3100;-7.8488;17.7234;-18.5744
226;54.7403;-138.5981;-42.5085;17.2299;7.1397;-0.9990
227;242.5533;44.7138;154.9139;7.5046;10.2565;-12.4692
228;43.6395;-149.0957;-36.8109;25.1862;2.4569;1.2442
229;-191.0492;-358.9429;-271.5449;55.7896;3.0328;5.9673
232;-180.7951;-380.7664;-302.2985;-1.3615;1.2896;-4.2524
233;24.4554;-167.2849;-74.4736;-29.3309;-2.9837;-9.5415
234;-36.9208;-225.6355;-110.0364;-31.0513;4.5154;4.9432
235;-92.2131;-276.6548;-147.7275;-27.3391;9.0962;6.3650
236;-103.6942;-283.3835;-156.1551;-33.2969;-3.7726;13.3270
237;6.8680;-171.7259;-49.6531;-30.6518;-6.6592;2.8474
238;25.7236;-147.6600;-41.0125;-30.6043;-0.5164;11.1910
239;37.1715;-149.4332;-33.2143;-0.0656;-9.4417;15.5581
240;-105.5831;-223.4122;-136.8831;-9.3737;-10.9465;4.7560
241;-0.4234;-117.3401;-59.0441;2.9525;-4.5582;-30.5391
242;-70.1870;-177.3681;-137.1932;13.1027;2.5012;-50.5198
243;-46.0626;-146.1584;-80.6395;11.8727;19.8297;-14.9191
244;-43.3682;-140.9495;-93.2698;-60.1052;34.7859;24.2669
245;-18.4562;-91.3587;-78.9845;-23.3101;37.0521;-6.0496
246;53.6158;-75.3638;-6.9040;-10.8127;33.2154;-50.9309
247;46.7531;-128.8660;-28.8976;-7.5625;33.5910;-3.6641
248;22.9040;-162.7183;-103.7044;-3.8008;20.2903;10.2536
249;-1.0972;-191.9915;-102.3213;1.1370;21.3796;8.9997
250;23.9060;-173.7446;-74.7741;16.1187;12.3202;1.8515
251;57.0582;-139.6587;-47.3870;22.0267;0.7617;5.9868
252;172.2828;-11.2753;82.4516;42.2051;1.3060;-0.8303
301;60.3234;-129.5924;-36.0402;21.0456;-14.4671;23.2048
302;-65.5192;-251.5440;-154.5942;17.0454;-15.7318;27.5286
303;58.5973;-121.8251;-21.8505;30.2260;-14.1961;24.8655
304;80.1370;-105.8313;-5.9433;31.2926;-10.0092;21.4255
305;88.3553;-98.1448;1.8878;29.2063;0.6414;15.0211
306;5.6104;-194.2399;-92.3532;5.5575;0.3849;13.6365
307;63.2614;-122.9794;-34.3681;27.6168;-16.5032;12.0235
308;-14.2925;-159.9554;-85.0196;61.1142;-17.3897;18.8368
309;-22.2116;-132.9156;-77.5844;59.1851;-40.6975;36.1746
310;-76.1121;-181.9654;-89.7642;30.8547;-66.8359;17.2878
311;33.3770;-84.0805;-20.3481;32.1807;-66.5606;21.1603
312;45.5410;-81.6267;-40.3000;10.9477;-70.1339;4.9320
313;92.7830;-41.4463;1.0684;-6.9262;-64.7994;-8.4149
314;116.3818;12.8464;52.3602;46.1336;-59.8531;-21.0020
315;70.5851;-87.1678;29.9173;-29.9517;-39.7561;-23.1903
316;-44.0638;-213.2383;-99.4335;-30.6579;-37.3289;-16.5963
317;208.9660;26.0962;132.2224;-22.6761;-22.3824;-22.5018
318;196.2256;5.9867;96.5169;-28.0796;-6.6327;-8.6562
319;-50.4715;-244.5809;-160.2647;-24.2373;-10.8867;5.3539
320;219.9553;47.8655;130.5555;-52.4221;5.3554;-4.9098
321;267.6867;102.5656;190.2005;-56.8778;11.1058;5.0079
324;129.3293;-62.2597;20.2758;30.4409;3.5938;5.7952
325;11.3726;-171.1686;-103.1056;40.5117;4.0787;6.3749
326;42.1754;-137.7369;-57.3386;42.2239;4.9443;10.9660
327;3.9150;-181.8271;-82.2466;31.6900;6.0634;13.0342
328;42.4067;-147.7279;-56.6244;28.9954;-0.8619;14.0428
329;118.8570;-60.1454;24.7837;33.0843;-7.2216;10.1910
330;29.2755;-150.6535;-51.9539;41.1693;-2.4737;11.1008
331;52.4269;-76.1005;-8.9100;77.8683;-0.1763;0.4759
332;-92.1252;-164.4033;-87.3584;86.7600;-3.3425;1.3268
333;-86.7150;-114.4378;-26.5587;75.2668;-17.5459;28.3090
334;-3.3663;-55.6156;36.1893;71.6787;-9.7876;21.1624
335;-199.1561;-209.1631;-134.6160;75.9518;-37.4275;17.2321
336;-149.0330;-228.1927;-103.8982;33.1826;-50.5296;8.5477
337;-163.4919;-279.0031;-120.9847;2.1623;-28.7201;-42.0344
338;-28.7285;-176.6078;-78.7924;-22.7074;4.3344;-50.6114
339;5.0370;-177.7207;-69.4515;-31.0433;3.8310;-8.8143
340;11.9418;-172.2870;-65.7068;-34.1588;4.3814;-4.2583
341;14.2508;-176.9617;-70.9472;-30.1943;0.1777;1.4748
342;-99.7031;-289.4019;-179.8536;-27.4554;6.7885;1.4643
343;-11.1676;-186.5405;-98.2868;-49.3711;8.8819;-0.3986
344;95.2212;-63.3827;4.3866;-62.2339;0.1690;-1.4542
347;26.0429;-165.6602;-69.8826;31.6114;3.2160;3.3441
348;-0.4005;-183.4525;-97.6017;42.1577;3.4754;-5.5897
349;94.1712;-85.6615;-9.4408;44.6192;1.5877;-8.2139
350;-10.5146;-196.8843;-120.2618;30.2931;3.2908;-2.0580
351;36.2241;-149.1087;-48.5079;38.5924;2.3624;-10.2629
352;110.2835;-75.4582;33.5883;36.2963;-1.6897;-11.0509
353;32.5755;-142.0050;-41.9826;48.5259;-10.9560;-4.7342
354;60.5849;-83.6864;9.2328;65.0348;1.5064;-1.3246
355;-56.9606;-131.4563;-80.8976;88.9893;19.7471;-3.9923
356;-69.5889;-115.3609;-15.4341;65.9142;24.0249;-16.5062
357;-13.4499;-60.9653;42.8206;62.1729;19.4400;-27.6661
358;-211.6622;-240.4171;-158.0434;59.1398;43.1723;-19.1501
359;-126.5052;-225.2954;-107.0429;31.7380;52.4656;-30.1167
360;-88.7867;-218.7357;-121.8549;10.7368;46.9446;24.6261
361;95.4269;-59.2997;0.4804;-40.6472;15.7869;18.3651
362;10.3966;-160.3515;-82.8083;-44.6828;7.7655;1.6386
363;22.8951;-159.6173;-69.4595;-38.9880;3.3225;-5.3031
364;142.1972;-52.1821;50.0058;-26.3418;2.6594;-7.2948
365;-118.5483;-306.1725;-199.2881;-34.6252;1.3119;-7.7839
366;69.3270;-105.5336;-13.1498;-50.3631;1.6675;-2.1683
367;231.9693;72.9949;141.0088;-61.3686;1.7981;-8.7693
370;126.1077;-63.9937;21.2391;29.8692;13.7465;-7.7738
371;-10.6135;-196.5952;-108.6451;31.0031;13.5532;-18.1556
372;13.4513;-166.2459;-81.6844;37.8202;12.6152;-19.4184
373;118.0268;-67.8116;25.0348;31.7713;5.1773;-23.1976
374;110.6384;-80.6406;11.0582;24.4121;-0.2691;-21.4528
375;21.0239;-170.0897;-84.0011;14.9253;17.7958;-22.5365
376;-16.6551;-184.5040;-99.3936;33.5281;34.4795;-20.9749
377;-34.8707;-196.3275;-127.4098;25.0941;41.6830;-31.0014
378;52.0525;-76.4748;-14.8076;55.9812;39.8987;-28.2956
379;-57.0389;-165.6752;-96.3083;51.6287;57.1036;-14.1091
380;25.1871;-110.8921;-35.1483;7.6603;64.6946;-15.9034
381;-3.0604;-111.0148;-85.5396;21.7666;63.4383;-37.1091
382;125.2421;8.0746;16.9457;8.1252;56.6507;-24.8381
383;169.7830;0.8711;74.2311;13.4695;42.3920;-13.6727
384;25.1868;-138.8083;-34.2462;-15.1724;34.6561;21.8068
385;-0.8551;-176.4047;-56.9895;-26.8255;21.7040;18.7374
386;149.8367;-31.0952;84.7267;-39.5384;7.7044;12.3095
387;146.5820;-43.2045;73.4563;-20.8368;10.2021;14.6069
388;39.0292;-143.5061;-49.0163;-41.0304;5.2654;12.8015
389;183.8295;13.4170;90.0840;-53.6868;0.8961;6.3912
390;142.5286;-18.4826;59.3950;-60.9531;1.7000;-2.5909
439;-83.0154;-212.5313;-145.8868;74.3535;-19.4929;10.2536
440;33.6156;-147.1820;-49.5029;24.3492;-33.4963;17.4309
441;-84.2248;-262.6956;-168.6812;33.5871;-24.7957;22.2451
442;-89.5965;-277.1512;-175.4354;24.0548;-22.2938;17.8181
443;-32.4803;-214.4133;-111.2081;38.1492;-9.6564;18.3001
444;6.5705;-189.6769;-73.9114;17.5984;-6.7049;11.0305
445;-57.8001;-230.3481;-128.1855;50.2767;-7.9494;9.4890
446;-51.7738;-236.0176;-121.9837;36.3748;-1.4852;6.1511
447;-95.6281;-282.8578;-175.6130;34.0215;-1.8936;11.5521
448;-50.4772;-238.8860;-139.9750;22.9489;-6.0817;3.1705
449;-101.1834;-291.2993;-182.9403;30.0665;-8.1033;11.9869
450;-111.6083;-292.8701;-190.1452;35.2817;-5.4434;1.1916
451;-205.8877;-378.6145;-285.0181;49.3693;-3.7433;12.4124
452;-193.9134;-373.3111;-276.8134;39.1761;-1.7930;17.2588
453;-165.0450;-352.2893;-241.3243;36.0506;-6.2708;2.0001
454;-23.3927;-219.5043;-109.4552;15.4482;-2.5805;-1.0972
455;-186.7718;-388.3055;-280.1946;0.0162;-1.6792;-1.5205
456;-114.3017;-315.2612;-221.6341;1.2523;-7.9265;-5.6656
457;128.1752;-63.6237;-1.4133;-21.0381;1.1970;-13.7578
458;-81.6781;-258.8710;-212.5764;-37.2338;13.1591;-14.2480
459;-311.4940;-462.9976;-404.8670;-65.3762;9.5986;0.5614
462;-187.9995;-321.8327;-257.0608;75.5770;-3.1265;2.7048
463;56.0243;-141.6882;-54.0214;18.7096;-4.6259;4.7536
464;-29.3547;-219.5745;-134.4150;31.3398;-4.0778;5.7852
465;45.3728;-155.3801;-55.4323;10.1538;-4.4407;3.1667
466;13.4618;-185.6343;-79.7086;14.9556;1.1495;7.7442
467;-11.6194;-197.3526;-97.1987;38.3227;1.3024;9.8031
468;-41.4227;-218.9278;-124.0634;44.0575;-2.2521;7.9226
469;-45.7551;-231.5379;-143.5934;38.1343;-4.8650;9.6674
470;-24.8495;-212.6199;-114.0737;36.2894;-5.8226;3.5496
471;-124.1298;-322.1267;-209.1716;17.4463;0.9894;6.1116
472;-185.6837;-366.7104;-273.6868;38.8411;3.4356;4.7154
473;-71.1633;-261.3919;-176.2284;31.2970;5.4715;10.2468
474;-118.6481;-279.8016;-208.3228;55.6178;2.2101;-1.0223
475;-86.5374;-267.3712;-179.2336;44.5861;2.6707;-2.0887
476;-144.6826;-304.5911;-236.9521;58.0599;4.9440;-3.5167
477;4.4696;-189.1721;-105.6298;26.1691;0.7868;-9.4782
478;23.1127;-177.7151;-91.1900;4.1609;-5.3178;3.9362
479;34.6311;-164.3499;-80.7223;-0.7329;-7.3378;12.9323
480;275.3179;77.7747;171.9398;-19.4730;4.2656;6.9304
481;52.5809;-131.6589;-51.1476;-39.9890;3.3881;-2.7440
482;-413.4812;-558.8491;-508.4142;-68.6862;-3.2747;-5.6432
485;-56.4771;-190.2114;-118.8952;75.6964;0.4595;-0.5983
486;29.7539;-167.7064;-66.0985;17.9521;2.8247;5.6195
487;-18.5251;-211.3723;-120.2597;27.3789;5.4847;0.8815
488;25.1719;-171.9939;-85.5895;12.9107;9.7684;-3.2701
489;30.4443;-159.1493;-71.7908;25.8857;4.0278;-4.4862
490;-97.6894;-286.5011;-193.1169;35.9908;0.3768;0.2029
491;-29.7313;-211.5497;-128.2815;43.7015;0.7061;-1.1964
492;-91.7731;-287.4839;-184.1172;24.6225;3.8828;1.0897
493;-48.1739;-232.2159;-146.0528;36.7533;6.7806;-4.4906
494;-81.1040;-276.9429;-193.6622;16.9604;2.6278;-11.4682
495;-170.7192;-350.7935;-262.4072;45.1722;-1.6370;-7.5852
496;-84.2963;-269.5171;-162.1186;29.5215;-7.9914;-6.6994
497;-128.1499;-290.0005;-196.6082;59.1969;-9.1339;4.4638
498;-139.1064;-298.7992;-223.4962;50.1966;-15.2752;-0.0316
499;-190.4302;-372.7460;-279.9774;40.6118;-15.7578;0.2861
500;29.9976;-164.4942;-76.8326;26.6756;0.3317;3.0413
501;-38.6597;-234.6746;-150.9752;13.0363;4.2772;-1.7242
502;-60.8879;-261.5841;-152.7205;-4.0806;3.7415;-9.1528
503;98.8616;-98.2331;7.3249;-21.7245;-1.9664;1.0581
504;95.7332;-84.6967;-6.6707;-44.2417;0.3344;7.9144
505;-479.0120;-625.3441;-581.4956;-67.5615;1.9911;0.1875
508;-149.2369;-278.8419;-213.8783;75.1476;17.6409;-7.1133
509;7.3518;-177.3942;-81.1931;30.1466;25.8929;-9.5614
510;-4.6412;-193.2925;-97.9379;30.0861;16.7642;-11.1549
511;-62.4207;-252.8523;-159.9426;21.0239;10.7762;-24.1326
512;-29.6704;-215.5003;-125.0006;35.6894;10.7018;-13.5993
513;69.9279;-116.7901;-21.8908;29.5155;12.8161;-11.0915
514;-26.2630;-200.1409;-99.6895;49.7010;9.1348;-5.9552
515;43.1590;-148.7870;-42.6934;18.7311;5.1060;-11.7054
516;-171.2891;-366.8570;-260.4073;24.4954;3.6861;2.8270
517;-61.5794;-249.9341;-148.1634;29.2976;4.3703;-15.1934
518;-64.9318;-254.4224;-148.5086;22.2446;11.7955;-5.4887
519;-52.4414;-229.6838;-135.7909;44.5783;14.1516;-0.3861
520;-251.4776;-407.2327;-314.8359;57.2708;4.9390;-5.9759
521;-254.0151;-442.7468;-311.9460;25.1160;12.3282;-8.1221
522;-181.2163;-357.4985;-253.5323;29.0965;11.5069;4.3813
523;-35.5884;-221.9325;-107.4734;33.3726;-3.2727;-11.9427
524;-91.4486;-287.8768;-157.1978;10.6025;-2.8607;-0.9233
525;-103.0220;-297.2902;-188.5610;6.3407;-6.4225;25.4367
526;134.9334;-43.9907;29.1955;-39.2976;-7.1533;21.0976
527;-196.8484;-359.8914;-303.0314;-52.7593;-7.0621;17.9880
528;-201.0692;-351.7405;-301.4948;-65.0292;-6.6241;7.0967
577;-559.8127;-747.5746;-649.5279;36.4971;-6.3572;4.0568
578;-436.0687;-635.5872;-531.1793;12.3556;-6.0587;7.7361
579;-230.1442;-428.8509;-321.2367;12.6787;-7.1284;10.1453
580;-204.3286;-399.6731;-297.0010;23.1761;-7.7525;7.9312
581;-240.7153;-438.2177;-334.2856;16.8117;-5.7894;11.4649
582;-225.4019;-422.5097;-317.7647;16.9859;-1.7527;13.8238
583;-142.3241;-341.4522;-234.3357;9.9568;-0.9576;13.2763
584;-156.3320;-357.2135;-252.0829;-7.8261;-0.1132;7.1690
585;-32.8757;-232.7283;-129.2272;-7.5457;1.4762;12.6368
586;-123.9411;-324.8268;-216.0501;-0.6155;0.7685;9.7696
587;-131.4305;-328.4260;-225.8932;-18.0053;4.6645;12.4558
588;-94.0205;-295.5134;-191.1756;1.9303;1.7860;6.8755
589;0.0503;-201.5726;-101.2202;2.1993;4.4048;4.5911
590;-12.6287;-213.8200;-111.6829;-3.5506;8.6806;-0.3086
591;-189.4625;-389.9589;-290.8519;11.6050;4.8409;-0.2874
592;-257.9097;-456.5701;-351.6277;17.3567;3.7036;2.7342
593;-146.0790;-346.4219;-253.4254;-4.9022;5.0718;9.4986
594;-98.1480;-297.7704;-191.0834;12.1195;7.0183;-5.8448
595;-437.4903;-633.0613;-537.4803;-7.2437;11.0191;-21.3370
596;-394.2403;-586.8226;-528.9024;-13.9317;7.9002;-13.7502
597;-372.7401;-529.6105;-487.4993;-60.0324;3.5077;-0.4998
600;-392.6794;-588.0646;-476.6574;23.7150;-5.4312;3.1449
601;-415.0403;-615.4318;-504.7517;10.1964;-5.2822;-0.7938
602;-240.8267;-441.3566;-334.9660;10.1256;-5.5486;3.0737
603;-217.7631;-417.0454;-312.8128;16.0252;-3.6580;-1.6638
604;-188.8405;-389.9572;-284.9906;8.7676;-0.3390;3.5902
605;-214.5912;-414.6519;-307.6911;13.6030;0.9313;0.5855
606;-190.4680;-390.1501;-282.8723;12.9779;3.5328;6.3845
607;-163.8675;-365.4217;-259.2524;-4.9711;3.4833;2.4025
608;-169.7516;-371.3741;-266.9982;-4.7088;4.3524;0.2629
609;-79.2338;-280.8241;-178.7502;-2.9833;6.2404;0.5291
610;-70.8996;-271.9075;-170.6995;-6.3456;2.2676;7.8556
611;-115.8445;-317.5284;-218.8229;-3.2974;1.8185;4.8509
612;-103.7127;-304.7349;-210.1111;-7.0656;3.5087;5.6634
613;-133.1994;-334.4283;-245.2867;6.0887;1.0722;1.7245
614;-54.7660;-255.2070;-169.9390;8.8769;3.2055;-0.7634
615;-199.6897;-396.7045;-319.8435;16.7426;3.9553;-7.2440
616;-185.3884;-386.4934;-290.1180;6.6567;1.0077;6.8111
617;-258.8642;-460.3411;-368.7604;-0.2517;2.3233;5.1654
618;-514.7358;-715.7315;-631.3607;1.4356;4.3987;-0.6438
619;-541.5240;-741.4504;-661.5048;-3.1830;4.1784;-7.3850
620;-305.7787;-476.5018;-416.6812;-51.9660;-1.8983;0.4691
623;-514.8871;-711.4809;-599.0457;21.3959;2.4982;-3.9233
624;-372.7672;-573.3034;-462.0353;9.7869;1.6559;3.9716
625;-243.3066;-443.0775;-332.5667;13.8862;0.8740;-0.1205
626;-151.5308;-352.4384;-242.8044;7.8522;0.5153;5.2299
627;-179.3912;-380.6751;-275.7939;8.3760;-0.6434;1.7222
628;-118.7916;-318.8399;-220.8342;14.0083;-0.3606;2.4045
629;-118.3728;-320.0096;-220.5218;6.3898;1.5795;-0.2565
630;-137.3661;-338.5615;-236.7561;8.6888;-0.1059;-1.5339
631;-107.7681;-308.2350;-207.3065;-12.5428;-1.3333;-1.5265
632;-83.1156;-285.0936;-187.6073;-0.0660;-2.1878;0.8245
633;-88.4786;-289.9516;-193.7667;-1.6772;-0.6202;-5.3221
634;-89.6860;-291.5478;-189.8832;-0.3117;-1.9250;-4.1604
635;-137.0270;-338.0790;-233.2612;-7.2621;-4.6803;-0.4006
636;-99.2172;-300.8272;-198.6035;6.0040;-0.9552;3.0072
637;-28.1693;-228.2903;-138.8246;12.5451;-1.0907;0.4932
638;-197.6342;-398.1633;-308.0939;9.8615;-0.3940;1.1849
639;-184.8560;-383.8350;-308.6560;7.6449;2.6862;-5.7909
640;-160.2429;-361.7590;-270.1482;1.7525;1.1797;-4.8775
641;-409.3712;-610.8821;-516.3234;-1.3063;-0.6767;6.4578
642;-544.4937;-743.3313;-664.3232;0.3836;-0.0127;13.3209
643;-338.2398;-505.3362;-449.9801;-54.0444;4.9806;4.1842
646;-534.4246;-725.6179;-620.8998;29.6460;7.3191;-10.4610
647;-418.6503;-617.4725;-505.6051;12.1351;6.9771;-8.8381
648;-348.2854;-545.6202;-439.6916;16.1538;8.5169;-11.0461
649;-220.0092;-417.9478;-317.6014;15.2520;5.6238;-12.1871
650;-252.7098;-452.0928;-350.4881;13.4182;1.2825;-9.3288
651;-272.5947;-471.8160;-371.8256;14.0317;-1.7700;-9.2726
652;-210.5539;-411.1552;-309.7549;3.3896;-4.6193;-10.7184
653;-186.2766;-387.3855;-286.5688;4.6536;-2.3433;-8.3646
654;15.8877;-183.9811;-84.5785;-13.7627;-0.9676;-5.5684
655;-127.5689;-328.7293;-224.7580;-3.9044;-0.2201;-8.4622
656;-94.3043;-293.8529;-186.2593;-13.2260;-1.0472;-7.5511
657;-171.0098;-371.3446;-264.1572;9.4008;1.3165;-3.6185
658;-26.8866;-228.4955;-121.7685;-2.6097;-2.4903;-4.7002
659;-5.7597;-206.4407;-94.9001;-7.9173;-5.2380;0.6642
660;-230.4736;-425.4870;-305.6136;23.0037;1.8042;-1.2620
661;-270.4177;-469.2859;-354.6924;10.3791;-3.0501;-11.2941
662;-169.0466;-366.3327;-242.7568;-2.9553;-6.0913;2.5683
663;-117.4219;-314.4517;-212.9947;5.7360;-4.9974;21.0329
664;-465.0312;-660.1262;-581.5516;-1.4225;-7.0512;22.8272
665;-336.3158;-529.8142;-475.9903;-6.6778;-4.8376;12.8739
666;-492.1294;-649.1639;-609.0485;-58.4675;-2.7795;11.2085
715;112.1011;-87.2985;17.2036;-4.9360;0.0439;-1.7543
716;-67.3308;-267.7881;-166.9579;10.0750;2.5785;7.3673
717;-325.9255;-526.6265;-422.7687;0.4167;0.9058;11.0647
718;-344.8727;-544.7178;-438.6209;-4.7246;3.0888;13.3882
719;-289.9982;-491.2661;-384.3698;0.9289;3.3674;7.4741
720;-247.3888;-447.1579;-348.3131;4.9106;-0.2423;14.3831
721;-330.0691;-528.6525;-434.6411;11.0979;-3.6305;14.2779
722;-285.0877;-485.4980;-387.1474;-6.7457;-1.8017;7.9522
723;-506.1240;-706.3619;-608.7708;2.4524;-1.0206;13.2414
724;-378.7697;-579.7452;-472.5056;-6.0741;0.8901;7.5938
725;-373.4206;-573.2143;-466.0271;-4.8555;2.0263;13.5483
726;-318.6704;-520.2390;-417.5633;0.0967;2.1621;6.7068
727;-548.8381;-750.6086;-645.5211;-3.8717;1.4573;2.7384
728;-340.5333;-542.4669;-439.7048;-0.3114;2.2990;2.7545
729;-290.1844;-491.9539;-391.0546;0.7453;1.0730;5.3759
730;-322.3403;-524.1307;-422.0347;2.5451;0.0806;4.6386
731;-456.6473;-656.7262;-553.0065;12.5218;1.1340;4.0605
732;-525.9355;-726.8872;-616.4431;-1.2720;3.4181;-8.1556
733;-266.5891;-464.0230;-361.3626;5.3946;3.0604;-20.4853
734;-263.1588;-460.2106;-384.2437;1.9676;1.7007;-18.0162
735;-325.6965;-522.7378;-462.4103;2.9671;1.9899;1.7366
738;-232.2010;-429.1689;-308.1808;-7.1166;-3.5645;9.3410
739;-234.0112;-434.0804;-313.2443;6.8703;-1.8318;-2.5747
740;-325.0583;-526.0753;-408.7938;1.5592;-0.3711;-3.1669
741;-357.1939;-558.4445;-445.3788;-4.2226;-3.5950;0.7363
742;-383.0812;-584.7042;-479.7289;-5.6051;-2.8064;0.5499
743;-304.5399;-505.1898;-403.2881;11.6470;-0.6226;2.5237
744;-230.0751;-431.5718;-325.3319;6.8799;0.5735;0.6268
745;-264.1282;-465.6948;-361.2015;-6.3634;2.4160;-0.3659
746;-257.2335;-458.7669;-355.1025;-3.3071;0.7810;-1.7022
747;-337.9197;-539.7138;-444.8845;-3.6756;0.9507;-1.1968
748;-289.7981;-491.4529;-396.5971;-5.1550;-0.2577;1.9086
749;-400.2890;-601.4240;-499.1240;-0.5215;-1.1894;9.5823
750;-221.7043;-423.5643;-326.0866;-3.6770;0.6137;-1.8975
751;-428.8647;-630.8015;-533.9563;-2.7445;-0.6804;-0.2458
752;-291.6956;-493.4873;-395.5898;4.6656;-1.8849;-0.1982
753;-271.4747;-473.2339;-374.5910;-2.0601;-0.5323;-5.0438
754;-319.4491;-519.3308;-419.5723;3.4977;0.2591;0.6251
755;-423.7902;-625.7320;-528.2939;-1.6888;1.9920;-1.4907
756;-102.0589;-303.4345;-216.3331;-0.0049;2.5803;-1.4537
757;-80.1448;-279.2812;-203.5044;3.4333;3.9740;-8.8460
758;-401.7126;-599.6884;-533.9937;4.0099;3.5098;3.4432
761;-99.1622;-295.9921;-171.7534;-7.0037;3.3229;-7.8198
762;-281.4789;-481.3714;-360.4992;7.2444;3.3968;-3.0157
763;-406.6015;-607.7574;-496.5799;6.9748;-0.8433;2.3657
764;-447.2182;-648.1522;-542.6205;-8.2437;1.3679;6.0282
765;-305.2992;-506.8501;-400.6504;-4.7596;0.7447;4.4301
766;-315.5727;-517.3578;-409.3375;3.2155;-1.1558;0.6470
767;-315.3517;-517.3924;-413.2740;0.1332;-0.0543;-0.0436
768;-287.3574;-489.3354;-385.2737;0.9867;-1.1362;-2.0340
769;-319.7444;-521.6978;-421.2372;-1.3540;-2.1591;-2.3370
770;-362.8197;-564.7006;-461.2483;-3.5072;-2.1582;0.5504
771;-264.9349;-466.4739;-366.4230;-3.4538;-0.4027;-6.4483
772;-360.5756;-562.4707;-465.2840;-0.7193;0.3405;-3.5461
773;-382.4214;-583.5916;-477.7892;-8.1241;-0.0172;-3.9873
774;-229.8080;-431.7765;-326.8315;-0.5497;2.0092;-0.9730
775;-490.0706;-690.1375;-590.3995;10.1324;0.8256;1.1524
776;-189.5122;-391.3989;-292.9330;-2.8879;-1.8343;2.2395
777;-384.9680;-586.1403;-498.4634;-5.8958;-0.5131;0.4346
778;-428.0826;-627.6825;-541.3244;0.2768;-0.3953;-5.5056
779;-238.8702;-440.2487;-352.5536;-3.0097;-1.3614;1.6790
780;-10.0647;-210.3026;-131.9142;1.5546;-1.7973;4.6334
781;-320.9206;-515.3608;-461.8952;3.4423;-0.9543;-8.2944
784;56.5455;-141.5193;-32.2763;-8.3844;-8.1541;-2.7688
785;-109.1898;-309.2415;-206.9704;4.9716;-3.3514;-12.8659
786;-207.0622;-407.1606;-303.3994;5.5919;2.6170;-12.4809
787;-320.8405;-521.1387;-412.8618;-2.1231;-1.2918;-12.2599
788;-312.3440;-513.2352;-404.6510;-1.0132;-2.9932;-9.3243
789;-300.3477;-500.5013;-395.8939;2.0724;-1.7712;-13.3674
790;-255.7074;-456.3536;-350.2039;-0.4520;-3.0356;-11.0843
791;-287.8427;-488.5971;-384.6962;-1.5511;-1.6079;-11.1185
792;-530.6549;-732.3696;-626.0590;0.8957;-0.5572;-5.0109
793;-339.1459;-538.9413;-438.9918;-7.9676;-0.6640;-12.8396
794;-469.9807;-671.5996;-565.6803;-3.5503;0.4063;-4.9306
795;-282.4112;-483.3890;-378.6366;-3.8515;1.1200;-9.3897
796;-306.9707;-508.3218;-409.3046;1.5485;1.4885;-8.1996
797;-520.9211;-722.7603;-621.4188;0.3601;-2.2671;-3.0417
798;-189.1018;-389.1616;-290.6267;9.0644;0.5986;-10.9126
799;-339.4386;-540.8500;-438.1823;3.4876;0.6370;-7.2699
800;-400.3379;-600.4824;-490.8282;-9.5284;-2.8062;-5.0296
801;-562.5624;-763.5820;-658.9175;2.8248;-1.1689;9.5398
802;-191.0467;-388.9118;-304.9127;-7.2816;-1.4606;14.4961
803;-363.8628;-563.1110;-488.3685;-0.4938;0.9841;8.7064
804;-18.7240;-212.9594;-162.1602;-6.4019;3.1925;3.1895
853;-626.4484;-823.3625;-716.3697;-19.7184;4.7919;-0.8306
854;-480.7831;-677.4400;-574.5748;-22.1537;6.0069;2.4735
855;-220.3671;-420.8720;-317.0305;-8.5523;4.9253;7.4887
856;-161.6833;-358.8594;-253.5178;-18.9709;6.3371;8.5716
857;-237.9718;-436.7574;-321.8937;-14.1370;4.5269;4.9333
858;-224.1874;-424.7141;-316.9945;-10.2578;-0.4308;5.6259
859;-136.1841;-336.0020;-236.3109;-13.0806;-0.6065;7.4199
860;-123.8622;-323.5083;-228.4343;11.5256;-2.8153;9.7679
861;-77.1131;-277.2076;-182.8739;10.1051;-3.7164;4.4145
862;-139.5058;-340.9050;-241.9150;5.3496;-2.5438;5.6443
863;-144.9913;-345.0855;-243.0019;5.8119;-2.0967;8.3649
864;-84.3007;-285.3447;-182.6978;-6.2100;-2.5353;7.5611
865;31.1291;-168.1696;-64.2201;8.8823;-9.8987;9.7620
866;21.0367;-179.0619;-70.8950;-7.8279;-6.2435;8.7320
867;-214.6723;-415.0830;-306.8812;-7.5087;-4.9940;5.3349
868;-199.6598;-399.6900;-292.1308;-10.7872;-2.4568;7.9966
869;-131.0083;-332.4254;-217.8002;0.3184;-1.0393;-0.6184
870;-198.9506;-398.8854;-291.7932;12.3512;-1.8976;-6.4638
871;-406.1017;-603.3187;-507.7460;-1.6102;-1.6918;-21.8213
872;-447.8614;-635.4189;-561.1500;15.8521;1.8377;-29.9440
873;-178.9261;-329.5962;-287.8074;62.4467;0.1541;-16.0699
876;-380.6182;-574.0815;-464.4531;-27.3035;0.6173;3.9730
877;-437.9919;-635.7073;-525.4685;-19.5578;3.1067;-0.3916
878;-273.6042;-474.3972;-359.5652;-6.8902;3.4187;0.5072
879;-250.4615;-450.5175;-336.3089;-11.1417;1.6280;-2.9843
880;-205.1103;-406.6360;-298.4618;-5.5651;-0.0310;-2.4299
881;-192.4592;-393.1838;-290.9872;-7.2449;1.5048;8.9365
882;-198.9126;-399.9286;-299.8422;-10.0205;0.4757;-2.4045
883;-194.2865;-395.7186;-292.3346;7.8524;-0.7572;-0.1083
884;-162.1960;-362.0190;-261.1571;15.0174;-0.1386;0.4215
885;-105.2368;-306.4283;-209.5046;-2.5087;-1.2505;-3.4590
886;-97.5236;-298.4377;-203.6328;9.8295;-3.0574;0.3191
887;-94.0112;-294.6412;-196.2662;5.9966;-5.4370;4.3237
888;-157.8285;-359.6878;-259.1739;2.6755;-2.9404;-0.1811
889;-112.2210;-313.9742;-213.8536;-2.7402;-4.9155;-0.6156
890;-68.2883;-268.1871;-170.9245;-13.9696;-4.5435;-0.5031
891;-196.6145;-396.1042;-296.0058;-15.5165;-3.9554;-1.6862
892;-219.5214;-419.5335;-322.5254;-5.2933;-7.2967;-1.6639
893;-219.9215;-420.3779;-327.5348;8.4877;-5.0812;-4.1411
894;-553.6525;-754.5888;-669.0057;-6.2664;-0.9129;-0.7269
895;-453.1250;-650.4704;-576.0419;5.7481;1.0974;-14.8157
896;-349.6613;-502.1862;-451.3423;63.8864;8.4442;-4.9218
899;-560.4573;-749.7737;-639.6676;-33.5199;-1.9644;-2.0311
900;-345.5826;-543.0172;-429.0424;-19.0893;-3.5560;-2.9291
901;-236.7953;-437.5222;-328.3396;-8.8239;-4.7922;2.9600
902;-160.5317;-362.2042;-261.2547;-4.9224;-3.6100;-1.7660
903;-260.5188;-461.7541;-361.1213;-8.8853;-1.9890;1.2340
904;-189.7857;-391.3156;-286.0304;-6.8767;-0.7866;-0.1942
905;-169.2568;-370.8658;-259.9578;-3.2698;-0.0158;1.4374
906;-137.3331;-338.2917;-235.0296;9.7265;-2.7481;2.7393
907;-125.6551;-326.0741;-225.3676;12.1226;-2.6626;-3.5007
908;-109.9141;-311.6895;-207.7769;-1.1762;-2.0777;-4.6094
909;-107.1368;-308.0197;-208.3297;7.5270;-1.6713;-5.0441
910;-118.7298;-320.3273;-223.5998;2.1527;2.3551;-5.6780
911;-127.5704;-329.4225;-231.9080;-3.4291;1.1889;-2.2822
912;-124.1560;-326.0060;-228.0896;-1.4769;4.0062;-1.1098
913;-47.0708;-248.0801;-150.5477;-9.3906;3.1998;2.4048
914;-223.6183;-420.1582;-330.5332;-9.7844;-0.5007;-5.5501
915;-189.9001;-390.3250;-295.0331;-11.7512;2.3019;3.7874
916;-166.5848;-366.4052;-274.3782;4.1218;3.2309;1.3556
917;-439.5509;-636.6575;-547.4023;-11.4553;3.7386;-1.3197
918;-587.4161;-786.9139;-712.0632;0.0833;6.1036;3.8197
919;-268.9205;-440.6550;-392.1332;48.0713;7.6989;0.3707
922;-493.0394;-679.6218;-576.6471;-36.5394;-8.3425;-2.9613
923;-439.7903;-634.5875;-533.1225;-23.9992;-9.3883;-7.2271
924;-337.8443;-536.2136;-430.1220;-15.6722;-8.1671;-6.5206
925;-215.2444;-414.7925;-303.9473;-4.2828;-8.2484;-8.4844
926;-258.7393;-456.9796;-348.6682;-15.7293;-7.9678;-6.6683
927;-229.8547;-429.1672;-321.7385;-9.3192;-3.4521;-9.9178
928;-213.7489;-414.9043;-308.0577;-6.9509;-0.4707;-5.5525
929;-182.1133;-381.6051;-271.3640;14.0885;4.6896;-1.3727
930;2.4769;-198.4196;-87.8939;6.5611;5.8605;-2.6909
931;-140.3616;-341.8613;-241.1608;-0.8389;5.5184;-1.6693
932;-114.2423;-314.8628;-215.6105;9.6635;4.5087;-5.6666
933;-141.6539;-341.9830;-240.0111;-9.1182;-0.3613;-9.5407
934;-64.6053;-263.9618;-162.3671;-13.3059;5.3436;-8.1089
935;18.3349;-182.0510;-81.3555;10.0435;5.5997;-2.7017
936;-166.7959;-365.5298;-267.1677;-14.0622;2.2572;-4.9114
937;-218.8833;-420.1204;-319.5523;-5.7042;7.1722;0.5012
938;-91.6270;-293.1731;-197.4666;5.0433;0.7093;-2.3708
939;-163.3454;-364.0687;-264.4704;-7.2661;-0.1669;2.5127
940;-458.0832;-658.0272;-566.9214;-10.6949;2.9967;8.0228
941;-365.1666;-558.7567;-480.4194;3.8067;2.5486;26.5426
942;-577.6573;-757.1981;-702.3248;40.4760;2.7351;9.8940
991;-30.3773;-195.4736;-121.4386;-56.6811;12.1279;3.1850
992;69.1248;-125.9137;-30.6404;-19.7790;15.0222;8.9315
993;-60.4878;-254.2588;-159.0342;-21.6517;14.3109;12.1247
994;-119.1801;-314.9200;-212.3091;-9.8348;15.6407;16.7615
995;-50.1285;-241.6296;-136.6832;-26.5470;12.2720;12.5153
996;-42.0294;-229.8628;-122.9119;-35.2180;7.4549;5.9564
997;-64.0151;-237.4926;-136.2451;-43.1950;14.5038;15.0334
998;-139.5177;-318.6642;-214.6030;-39.4802;15.3667;12.2699
999;10.3531;-182.7274;-80.5599;-25.7602;-1.1536;14.5888
1000;-4.2328;-199.3728;-94.0738;-11.7845;6.1204;17.0457
1001;9.6131;-181.6872;-89.0519;-16.1613;10.9662;25.9790
1002;-135.4511;-301.4599;-203.5461;-45.4864;6.7316;16.6734
1003;-309.9808;-496.3932;-374.5960;-30.0348;1.3479;18.5618
1004;-251.6714;-421.2975;-321.3630;-38.2265;11.1289;8.1023
1005;-195.7137;-385.7904;-263.9973;-15.9642;16.4599;16.1831
1006;-48.5478;-231.3340;-118.8159;-5.9798;24.1471;14.8478
1007;-147.4170;-336.2769;-208.2439;4.6828;29.5310;4.5734
1008;-75.1390;-270.6964;-146.3413;2.7613;13.5832;6.4326
1009;65.2256;-122.0084;-21.7418;30.4987;-3.6758;-15.8373
1010;-108.8627;-266.8297;-195.3513;58.6489;-2.7676;-19.6227
1011;-580.9605;-711.1451;-666.1570;76.2595;2.2799;-3.9864
1014;-256.8436;-411.7782;-327.7476;-64.3818;-1.9262;-6.6380
1015;4.6598;-194.3396;-90.9777;-16.0875;6.5765;1.0567
1016;-44.0364;-239.9859;-139.5119;-22.6187;9.0860;3.6105
1017;48.6641;-149.8380;-47.9135;-12.4187;11.7919;7.8683
1018;17.4027;-181.9164;-76.8409;-7.8110;10.6125;-0.5588
1019;19.2929;-168.7744;-69.2445;-36.4852;4.9692;-0.2853
1020;-56.2807;-235.0771;-140.6251;-46.8617;-1.7344;-2.9594
1021;-61.4707;-252.5164;-144.7024;-25.5274;-2.2081;0.6116
1022;-56.4061;-244.6222;-138.7173;-28.9343;5.7605;14.8191
1023;-36.8730;-232.6215;-135.1662;-17.6002;-2.3130;8.8195
1024;-131.0512;-324.5577;-217.4629;-23.6938;-2.5677;8.8704
1025;-35.3642;-226.7856;-126.6993;-32.0317;-3.4536;-1.8601
1026;-57.2706;-237.9815;-154.3341;-38.4349;-3.7957;0.1715
1027;-97.0288;-262.9878;-177.4744;-56.6744;-4.9386;9.1770
1028;-160.7839;-338.8673;-262.5218;-39.2614;-2.6415;4.3053
1029;-78.3819;-274.1277;-170.9670;-19.9567;-0.3972;4.8506
1030;-26.6957;-228.1577;-124.9818;-2.5634;-6.1692;-2.7412
1031;21.7656;-177.9612;-88.4062;4.0754;-1.2206;-1.6810
1032;297.0986;107.4417;193.1867;33.7814;-2.1889;-1.2356
1033;-27.4200;-196.5980;-134.7598;49.8813;-0.9285;-14.2052
1034;-391.5501;-532.4704;-486.8893;70.5364;6.8988;-3.7935
1037;-85.9880;-238.9085;-152.2483;-65.7155;-2.9161;0.6670
1038;-66.0217;-264.3612;-151.9447;-15.6365;-8.4065;-0.1721
1039;-77.2640;-270.3228;-166.5128;-28.2271;-8.4177;-2.2623
1040;-30.2525;-229.8831;-123.2292;-5.0928;-10.4476;-7.3759
1041;74.5846;-120.5518;-16.2432;-19.4216;-7.2223;-12.8655
1042;-51.0522;-240.5871;-138.0812;-30.6681;-3.0230;-9.3949
1043;-66.7199;-253.2781;-151.5996;-35.4978;-3.1675;-1.8834
1044;-78.8888;-268.0085;-175.3338;-29.0624;-3.8634;-10.3116
1045;-72.9972;-262.4653;-165.3723;-27.1445;-9.9594;-14.6334
1046;-86.3418;-284.9429;-164.3892;-9.4020;-4.4123;-2.6445
1047;-100.8913;-279.6809;-183.0021;-42.6716;1.3580;-8.0848
1048;-9.7985;-206.2723;-109.1760;-21.8797;6.2703;6.1749
1049;-41.1274;-225.0306;-143.6482;-41.0166;3.2639;-1.3244
1050;-56.2891;-225.4313;-161.8321;-45.4925;5.1799;-0.7827
1051;-203.5697;-382.2003;-295.0148;-46.1241;-2.0702;-9.8935
1052;-15.9130;-216.5757;-126.1836;-9.0860;-0.2785;-0.8572
1053;-22.4106;-217.7497;-129.2957;-9.3348;5.1710;6.1312
1054;-40.3570;-241.8515;-145.6201;2.5446;0.6806;4.9578
1055;229.9292;35.7926;132.2612;22.8539;2.0585;-6.3302
1056;51.0533;-127.5666;-53.3444;35.1446;13.3072;2.2665
1057;-547.9304;-686.2062;-643.3712;70.3653;14.5472;5.8970
1060;-212.7151;-370.7993;-285.7231;-60.6994;-14.9917;-6.2753
1061;-2.7652;-193.7423;-93.6527;-21.7692;-20.7385;-13.3878
1062;42.1179;-146.3171;-47.6651;-30.3617;-17.5218;-9.7977
1063;-103.9579;-301.2731;-196.3328;-13.9062;-9.7950;-13.1352
1064;-15.5693;-210.0446;-104.7398;-17.0173;-5.6894;-15.3248
1065;22.7543;-167.3284;-61.1339;-26.8675;-12.0661;-16.3266
1066;-0.7244;-176.0928;-72.7403;-37.7433;-15.5305;-19.6837
1067;-109.4515;-291.5154;-168.6847;-34.4664;-10.3306;-16.7358
1068;-112.5640;-307.5107;-184.6412;-20.3041;-2.6327;-5.6896
1069;2.1608;-194.2551;-93.6652;-22.9519;-2.8260;-5.1832
1070;-29.7273;-223.7130;-123.2397;-22.5225;-8.4716;-6.1026
1071;-77.5990;-262.6195;-161.5936;-35.8230;-11.7297;-14.3230
1072;-241.7059;-410.9003;-311.8921;-47.3278;-1.7067;-3.4688
1073;-269.1114;-455.1287;-339.3637;-35.5764;0.2981;-10.9240
1074;-171.9086;-366.1258;-266.3636;-19.6222;0.7878;0.7557
1075;-0.9161;-197.1989;-90.5755;-18.0267;-2.6228;-14.5035
1076;-167.8394;-363.8862;-250.6788;8.9913;-5.2557;-6.1447
1077;-86.9119;-278.3664;-171.9434;-21.3608;-3.6045;10.2999
1078;127.2531;-62.7718;11.9008;19.5607;7.7192;5.6778
1079;-134.8434;-314.4618;-268.6595;33.9048;8.9952;14.9922
1080;-52.9614;-209.0738;-159.7080;61.4702;1.8535;-7.0442
1129;51.0455;-114.6346;-48.9269;-55.4579;0.9966;13.0939
1130;-86.1899;-277.0491;-202.9625;-5.1540;9.0348;24.2755
1131;23.3786;-160.3641;-73.9968;-22.3128;7.7135;28.9476
1132;137.3099;-49.2643;46.8002;-17.8458;10.0201;31.4544
1133;71.2211;-110.1629;-8.3892;-35.0192;9.6188;18.5041
1134;25.3731;-151.8184;-55.2366;-46.2783;10.1279;9.3337
1135;53.7989;-131.2349;-46.7912;1.4356;31.4316;20.0577
1136;61.3318;-102.1853;-34.7312;-44.7342;29.1796;16.1526
1137;-67.8030;-175.2023;-147.3187;-49.2797;39.7102;52.8822
1138;-111.6331;-227.9061;-160.4418;-2.0713;51.0042;55.7242
1139;-68.1115;-195.0882;-123.0184;13.0494;48.5463;54.5579
1140;37.2742;-105.2048;-36.0600;-22.8876;49.4575;29.8394
1141;122.3626;-12.6867;66.8429;-26.1125;54.9419;33.6127
1142;111.6097;-44.8123;34.2070;20.2538;50.3825;2.2350
1143;125.8478;-60.9623;30.8652;21.8385;27.3944;-6.1103
1144;32.8696;-139.2649;-54.7302;45.4834;24.4463;-3.3467
1145;121.6082;-59.2310;26.7437;28.2971;33.8271;-6.6843
1146;136.6877;-58.6559;49.4188;-8.3165;21.9159;2.9297
1147;-68.6372;-255.6963;-147.8948;35.3603;6.5170;-9.2801
1148;215.6608;45.9855;131.4605;51.7633;5.0593;-17.4852
1149;356.0990;191.8280;276.2611;57.7149;11.2666;0.0302
1152;43.3251;-116.5894;-34.7612;-61.4263;-1.1232;-6.2888
1153;53.6536;-144.9027;-42.3680;-18.5345;0.2197;-2.2503
1154;109.6168;-79.7882;15.5735;-34.5619;4.4696;2.6501
1155;11.2488;-178.2107;-79.0091;-26.9271;8.9202;6.5171
1156;47.4284;-137.0536;-37.6311;-39.6776;8.3438;6.2297
1157;-15.9519;-172.8611;-80.7402;-55.6494;0.0069;13.2026
1158;16.2810;-157.7203;-38.1618;-41.2665;1.0849;2.2385
1159;25.8414;-124.3201;-26.6636;-60.4349;7.1902;14.4367
1160;-60.3867;-186.1170;-70.0282;-65.3159;18.1900;6.3569
1161;-129.8190;-233.8723;-127.8841;-57.0370;33.3214;26.2516
1162;-27.3097;-160.8156;-40.9088;-44.9932;28.6874;24.0250
1163;-168.5354;-289.1754;-182.4220;-59.8229;25.1305;21.9976
1164;-105.6941;-203.9033;-149.7062;-67.0606;18.7895;14.4995
1165;-82.5320;-252.9773;-146.4928;-33.2725;12.9124;17.3738
1166;51.1713;-124.4053;-22.7180;30.5301;15.6536;12.8176
1167;-16.7558;-203.3873;-95.4301;23.7412;11.9133;-3.0296
1168;46.0027;-141.2270;-36.5546;35.1300;3.9142;-4.6821
1169;64.3816;-127.5777;-30.1273;25.4756;5.5565;-11.6800
1170;-116.1549;-308.2565;-215.5466;30.8302;4.1078;3.2790
1171;80.6838;-96.8176;-16.3918;42.2487;10.1006;2.9625
1172;171.7273;12.8856;80.5885;61.0529;11.1206;-1.9400
1175;41.9371;-129.5958;-36.3754;-52.5204;8.4259;-2.1321
1176;31.7166;-168.5773;-72.2839;-12.9013;1.0262;-2.5455
1177;93.1335;-95.0771;0.5222;-33.8503;2.0914;-14.1973
1178;35.9079;-160.1735;-48.9482;-17.9497;2.8151;-9.5467
1179;-2.4088;-186.4682;-78.1573;-29.9445;2.2811;-5.9928
1180;56.2502;-111.7577;-9.3813;-49.3862;3.0954;-19.8521
1181;28.7628;-135.1904;-31.4254;-45.8071;-2.2085;-7.7820
1182;74.5190;-80.2384;23.4843;-54.3408;-2.3105;-7.0251
1183;-55.9562;-167.6642;-69.1840;-71.2271;-12.4249;-5.2559
1184;-106.9356;-224.6118;-60.8260;-41.5906;-14.3964;-16.2680
1185;-96.0775;-212.0307;-92.6311;-64.6644;-15.0807;-3.7139
1186;-205.5826;-308.6252;-200.0798;-64.3004;-6.4336;12.0472
1187;-165.5844;-288.2359;-159.3501;-55.2528;-0.9668;24.3343
1188;-115.3385;-259.5094;-170.8902;-31.9481;-3.8334;13.9350
1189;82.1291;-112.9799;-14.4949;10.8988;-8.3542;3.6928
1190;8.9703;-180.8667;-90.4566;24.9506;-4.0041;15.1484
1191;58.1294;-126.8736;-41.0902;34.4732;3.1370;14.3462
1192;86.1387;-107.7550;-11.8740;28.1599;1.8123;1.0580
1193;-159.9433;-351.7822;-256.3568;24.3961;5.6903;-0.6384
1194;22.6841;-156.4151;-64.8978;31.2374;7.6806;-2.8186
1195;306.1070;158.8702;224.4518;53.4794;8.6929;-4.0209
1198;95.0028;-81.7215;-11.5952;-42.5492;-14.2922;-16.5805
1199;24.2566;-163.6763;-85.4802;-12.8140;-12.6033;-31.1880
1200;-55.5901;-249.5596;-151.0661;-22.0260;-3.5672;-17.4262
1201;122.3226;-71.5073;21.8983;-18.3555;3.0803;-21.5711
1202;65.2780;-131.3019;-27.0711;-7.1828;2.5972;-21.8368
1203;-20.0403;-203.1491;-103.6136;-21.9552;-8.6168;-20.8324
1204;-6.8679;-191.4360;-98.3867;-16.9084;-25.5920;-16.8837
1205;20.3294;-142.1063;-59.0609;-32.1636;-30.3586;-28.8903
1206;20.9577;-112.1312;-22.0976;-43.3590;-46.4330;-30.6370
1207;-110.6878;-239.0497;-154.3091;-19.5899;-54.6853;-44.1694
1208;-49.3879;-190.3252;-100.3731;-5.9309;-52.3787;-26.7065
1209;-7.3027;-142.9920;-61.1160;-22.0388;-57.4890;-35.4912
1210;103.3525;-22.7679;54.1099;-34.6508;-49.3838;-14.9199
1211;114.4485;-68.0102;58.2754;-13.5747;-31.8084;-2.7887
1212;92.4268;-93.6967;-4.4436;23.1047;-11.3501;25.7778
1213;-46.6730;-230.6244;-119.7953;30.2869;-21.3273;2.0585
1214;135.8683;-41.7264;65.0998;35.9887;-18.0465;18.8305
1215;139.4713;-51.6614;38.3172;6.4612;-4.4613;23.6269
1216;-26.2200;-201.5488;-134.6573;25.4857;8.7034;11.5916
1217;256.8216;82.0555;154.2438;31.4416;14.1312;-11.5650
1218;-61.2790;-211.9989;-132.2262;38.6788;13.0498;-15.1072
1267;-43.4228;-227.8416;-142.3837;-39.8320;-6.4448;-1.1451
1268;54.6580;-136.4327;-42.8669;22.0696;9.2285;7.8476
1269;25.8341;-164.3367;-57.4252;25.2947;15.6577;0.4745
1270;-125.4661;-310.9186;-195.9528;30.6997;16.1704;-6.4267
1271;-69.2801;-250.3300;-127.9844;30.4931;15.9852;-10.8520
1272;-45.0933;-203.0852;-97.0013;50.1016;8.8898;-25.3502
1273;-20.1326;-203.6743;-96.8121;31.4786;-10.6785;-5.4451
1274;-35.0899;-211.9377;-87.5795;19.7299;-2.7057;13.4105
1275;9.9425;-174.6250;-45.5709;-12.5895;14.2784;12.2633
1276;32.4881;-54.8258;-19.2964;-23.4503;12.6578;14.4860
1277;-49.1685;-104.9912;-84.4129;1.2810;14.9051;30.2687
1278;-138.6466;-148.5874;-100.4758;36.1508;57.9412;23.0649
1279;-82.6502;-203.7686;-122.2951;52.3989;41.4890;19.4624
1280;77.4435;-91.8517;-31.5171;9.4175;34.6711;8.9689
1281;1.7910;-152.5352;-58.0068;-41.7337;4.0268;26.7085
1282;24.3315;-156.9490;-52.9441;19.0692;11.1950;14.1550
1283;34.6529;-156.6240;-54.6555;0.5480;13.3206;4.4055
1284;3.4031;-193.2782;-96.1617;-8.6032;10.8444;-1.2806
1285;135.5579;-61.8014;42.0236;-14.7553;12.8761;5.7679
1286;-2.0671;-201.5849;-101.5153;-8.2031;3.6564;-13.2587
1287;57.7814;-107.2298;-45.2574;-53.0998;3.6276;-10.8119
1290;-73.6029;-258.0561;-163.1034;-41.1259;-1.9425;-2.2359
1291;46.4023;-144.2629;-26.5439;25.6325;0.8404;-11.3101
1292;-135.8636;-319.3732;-193.8803;34.4561;6.4101;-9.2054
1293;-6.9856;-182.0784;-54.4442;37.6399;5.9406;-4.9967
1294;-74.0167;-241.7246;-133.2981;50.4272;-7.8412;-4.0951
1295;-26.2303;-176.8447;-90.8285;60.4124;-0.1520;2.6616
1296;-12.3824;-179.5303;-86.6013;40.8443;19.5506;11.3703
1297;-49.9593;-231.9738;-119.8414;-19.1989;21.1640;12.1510
1298;14.8365;-158.2205;-68.0151;-25.4410;11.2351;8.9071
1299;30.9088;-118.3140;-42.8237;-24.6523;24.7582;13.5568
1300;-105.2677;-168.6715;-106.6294;-31.5338;32.6351;3.9229
1301;-93.4855;-93.0110;-36.8783;-12.5442;18.9021;33.3813
1302;-21.6629;-87.4782;-6.9416;0.8782;51.4935;11.5692
1303;91.0160;-88.0242;16.1355;20.7766;10.1263;8.1057
1304;121.4238;-60.0577;-3.8450;-0.5913;12.0166;-0.4594
1305;120.0126;-63.3207;41.0963;-9.2866;24.6311;11.5913
1306;31.0199;-156.6316;-41.5931;4.8521;12.4675;1.2922
1307;50.9952;-139.9289;-29.8980;-17.8619;4.6493;-8.4677
1308;156.5193;-37.0880;64.4265;-26.6177;4.4524;-3.2594
1309;48.7224;-148.2870;-53.8442;-12.2882;8.7059;1.9734
1310;-94.4947;-254.4440;-172.2387;-59.7188;13.5687;-2.2425
1313;-80.8490;-262.1075;-162.2581;-43.4068;9.0488;0.5508
1314;52.5080;-141.6906;-17.4965;21.3859;4.8179;7.4013
1315;-98.5730;-273.1645;-150.4992;40.2086;6.4059;13.8176
1316;-2.0813;-171.4504;-53.9506;43.3946;-9.5553;19.5985
1317;-54.0103;-224.8176;-119.5092;42.9167;-7.4461;2.6992
1318;-52.1976;-215.1857;-125.6395;53.2715;-9.8626;0.9728
1319;-65.7251;-241.8053;-148.8656;33.5571;-10.7896;-8.5233
1320;-71.7378;-260.6923;-146.0440;-13.2053;-5.4196;-5.5689
1321;-49.7945;-223.2793;-124.2077;-22.9224;-5.6088;-4.6117
1322;23.0039;-112.5025;-31.8865;-33.1204;-13.8189;1.6253
1323;-85.6396;-149.2880;-84.9478;-13.4601;-26.0940;2.6526
1324;-36.8635;-73.7814;-7.1064;-27.2237;-8.9441;-17.8951
1325;5.4667;-56.9194;20.5541;16.3847;-47.4941;-4.0415
1326;108.3965;-24.3394;23.9051;21.5050;-24.0926;-1.7430
1327;44.4224;-138.0820;-28.0539;-22.4964;5.1537;14.4799
1328;65.0977;-121.9576;-27.5438;5.0006;-5.3207;-8.7115
1329;37.4573;-154.1775;-47.0352;3.0620;-1.5389;-6.3855
1330;46.2398;-145.3470;-40.2390;-21.0027;3.5109;2.3237
1331;212.7745;22.9236;119.2092;-28.7485;7.7507;5.2556
1332;10.9947;-180.5023;-84.2439;-20.6381;7.0486;-0.1005
1333;-170.2952;-326.6302;-241.9882;-59.5213;-0.3952;-7.3464
1336;-60.8009;-252.8586;-181.0748;-22.3437;15.1912;7.7994
1337;-42.8446;-239.4959;-140.8124;19.4392;9.8906;-8.0403
1338;61.8689;-102.7521;-2.0593;55.9375;-5.4047;7.3240
1339;-111.1758;-298.7984;-173.4399;10.8854;-12.3565;10.7427
1340;-64.1933;-242.7196;-119.0690;22.7242;-2.9557;28.7392
1341;-16.7535;-185.8884;-72.2832;43.7105;0.4750;16.1158
1342;-11.6449;-197.9510;-73.9848;17.2626;11.8698;7.2762
1343;-11.1567;-187.0046;-53.7074;25.9080;9.9678;-3.9009
1344;-25.1132;-211.0897;-99.3648;-14.1874;-0.9732;0.8890
1345;46.6949;-53.1032;-5.2418;-29.2511;4.7050;-10.0014
1346;-78.9872;-106.9248;-80.7563;-30.2190;-15.8685;-27.9705
1347;-73.4435;-155.3801;-75.3776;43.7870;-36.9969;-17.0942
1348;-124.7085;-223.8541;-128.0185;29.0650;-40.7847;1.4722
1349;3.5454;-172.4322;-80.3576;0.4608;-27.6663;2.9895
1350;20.8566;-129.1100;-58.3558;-27.3588;-37.4408;-23.7527
1351;15.6272;-168.2569;-44.5577;-26.8200;-3.4202;-1.2447
1352;-7.8845;-199.9514;-95.0233;8.6029;-1.6960;18.2446
1353;31.5597;-155.1388;-73.3998;-21.8585;-5.1223;15.7667
1354;114.9307;-72.6071;16.7398;-22.4988;-1.1264;9.1377
1355;10.0576;-161.5433;-67.6074;-43.6073;15.8061;-2.0979
1356;103.3631;-63.4667;44.6725;-46.9165;22.2735;-18.6883
1;-429.4405;-573.2906;-502.3175;70.4148;-5.4717;6.8288
2;98.3110;-69.5793;2.8363;27.7555;-40.5001;26.5821
3;11.0322;-102.6139;-76.0952;19.0560;-76.3239;15.6602
4;-1.9845;-112.3371;-98.5526;26.7500;-71.5408;10.0307
5;46.1743;-83.7518;-70.5095;-24.4447;-60.7717;7.6701
6;43.4326;-86.9682;-82.9989;-27.1525;-55.2784;-0.9469
7;57.8772;-26.1199;-38.4396;-50.2134;-56.5725;-20.7103
8;-38.3035;-103.7709;-109.2420;-40.5496;-69.5634;26.4304
9;45.0735;-88.7369;-62.6367;-32.2073;-48.5338;8.3572
10;46.1010;-92.8869;-66.3000;-2.4820;-55.6997;17.9908
11;7.4065;-99.1743;-97.2297;-6.1160;-68.5473;14.4852
12;-3.7202;-83.7425;-78.8203;-15.1501;-69.6675;23.5514
13;-4.3990;-80.4139;-68.0982;-15.1232;-45.5251;31.9420
14;-74.6905;-93.9651;-96.1597;-14.0678;-67.7659;38.0303
15;17.1140;-105.3201;-37.6385;-33.4487;-61.6972;-4.9581
16;31.0967;-130.6635;-34.9001;-38.0843;-14.1662;-29.6333
17;-37.6361;-204.0175;-109.3168;-0.5496;-36.5777;-15.5995
18;-84.2854;-234.9017;-120.9293;34.1712;-41.7243;-15.8942
19;-73.7393;-206.9404;-128.5290;66.6387;-7.8500;-19.8637
20;-43.0228;-180.5044;-124.7401;65.1687;-17.9557;-12.6547
21;-138.4199;-248.8548;-205.1864;68.5062;-45.3848;2.2282
22;80.4250;-71.0317;-21.5043;37.1787;-50.5299;14.9596
23;142.5098;-51.3769;56.1794;-27.6733;1.5006;-2.1698
24;-245.9117;-393.3745;-321.9763;69.0579;0.9203;0.6000
25;97.0062;-88.9414;-22.6566;29.0594;-4.2034;-21.5560
26;19.3336;-129.3256;-88.2653;-40.7461;-46.4247;-7.5913
27;29.6684;-73.5072;-20.5841;-71.7003;-37.0396;-19.6959
28;41.9731;-33.4937;5.3529;-71.0161;-37.8449;-25.3918
29;56.3463;11.2173;35.1970;-59.0640;-63.0454;-27.2813
30;21.1369;-76.6866;-56.4040;-19.7173;-50.8267;-16.7116
31;-17.8091;-17.0536;-17.4292;-1.6807;-82.9060;-22.8660
32;-16.2593;-57.1555;12.6472;-48.7681;-32.5839;-14.7881
33;-12.4764;-87.1686;-8.6623;-48.8160;-60.3396;13.9779
34;-12.8679;-135.9126;-39.5164;-39.9102;-45.8456;25.0170
35;-15.6487;-108.0498;-33.3024;-25.4071;-47.7292;26.5823
36;20.8243;-107.5543;-4.2429;-42.9255;-9.1095;24.9589
37;10.2414;-139.6071;-46.1135;-25.9384;-23.5809;39.1423
38;40.6011;-125.3260;-38.4425;-2.8271;-38.1104;10.7170
39;55.0543;-125.0413;-41.7227;-7.6145;-5.5707;-18.9758
40;73.1909;-92.1274;-18.2559;43.7352;-1.2956;-18.1816
41;89.7645;-52.0910;-29.9047;49.6131;-7.3049;-10.8845
42;87.5649;-46.2305;-17.0613;55.1035;-27.8297;20.6620
43;-18.5296;-112.3177;-73.4186;73.8624;-29.3286;26.8106
44;11.7322;-100.3557;-9.8262;70.3333;-13.6377;23.2390
45;79.2757;-92.9624;35.7511;-10.3942;-24.2069;33.9259
46;-242.3608;-420.7598;-330.9894;-46.5957;-6.9659;5.6564
47;-256.7420;-408.4005;-330.9702;66.7394;0.9352;1.5418
48;-97.2662;-290.2041;-168.9859;26.2593;2.2035;-1.8697
49;-62.2314;-159.6518;-52.3814;-65.9168;-29.1684;-30.7785
50;46.5653;-43.6030;34.6218;-79.5652;-24.2128;-14.2551
51;-4.8519;-123.0630;-33.3619;-72.8693;-4.9773;-11.4704
52;55.6248;-34.8858;31.7410;-48.3951;-5.4229;-18.4538
53;56.1437;-30.7641;40.0690;-24.5174;-32.8211;-13.3147
54;-88.0882;-15.6413;19.8833;17.2734;-45.0200;-17.1604
55;-5.4497;81.0418;70.9700;-14.2968;-19.9566;-13.5292
56;-14.8419;51.6727;65.2654;-9.8430;-5.6427;-7.9548
57;-25.9418;-1.8209;-4.0418;-8.7398;-0.8461;25.4547
58;-33.2176;0.8508;14.2275;-25.5877;-9.4693;22.3698
59;-44.5372;-70.5880;-56.1721;-52.3846;-12.9978;19.7359
60;84.7055;-77.6226;-16.6840;-41.1685;17.0916;-5.5021
61;22.8931;-137.0675;-98.8388;2.0210;-15.1572;12.4921
62;58.9839;-125.4034;-46.9791;17.2819;-3.9480;-14.3086
63;38.1084;-123.8042;-54.5842;42.8589;9.3181;-10.4275
64;52.1182;-99.5974;-29.8348;56.7862;6.8979;-0.1787
65;22.7387;-100.7305;-28.4004;69.4721;-0.8508;-0.4203
66;9.6956;-90.7096;-13.0214;77.0613;-11.1467;5.9024
67;-20.8136;-151.1575;-88.9547;62.0284;-26.6748;23.3915
68;7.1590;-185.8377;-90.5931;-11.7892;-16.3383;-20.2150
69;-120.4114;-294.8590;-204.7752;-50.8428;0.8255;-3.4547
70;-202.6216;-357.1026;-279.0685;65.1269;-0.5422;-0.4733
71;-152.6017;-343.1507;-225.5169;30.5648;-3.3839;4.3362
72;-112.2821;-241.1172;-85.8539;-48.4354;17.4867;5.9400
73;-12.1930;-85.2634;21.7332;-79.1633;8.2955;0.6365
74;21.6605;-82.5579;8.4032;-75.6498;10.5877;1.9434
75;25.0013;-77.4896;2.9933;-45.3925;11.4379;17.5893
76;29.0536;-32.6034;31.3523;-40.5417;20.8139;1.1661
77;-30.9410;4.5150;30.6800;7.7183;53.6550;13.8685
78;-45.8522;30.0642;62.2469;-3.3498;14.9506;16.7115
79;-24.4904;20.2195;60.7495;3.9900;34.8084;-10.8559
80;12.9610;33.2356;15.2338;-11.8925;2.7303;-22.6434
81;-36.4078;-13.5236;-3.9734;-19.4407;-9.4177;-23.5975
82;-54.3809;-87.1661;-45.9884;-46.6303;4.0876;-24.1847
83;37.5808;-119.5733;-48.2699;-44.0206;-13.5900;-9.7701
84;44.2944;-127.8244;-59.1330;-10.9548;21.5165;-23.9882
85;27.0679;-150.6282;-68.6845;27.3119;0.4289;0.2729
86;53.8261;-111.4461;-40.9117;41.5546;-7.5064;1.2348
87;28.4613;-121.1981;-45.2508;58.5241;-6.1851;-4.3264
88;38.7105;-93.9721;-35.6422;67.9628;-5.5706;-7.3327
89;-28.5915;-125.9951;-92.4263;77.2818;5.5668;-21.4003
90;-65.4303;-177.3309;-80.9797;59.2042;30.7446;-34.9971
91;-13.0511;-186.9767;-71.5015;-25.5207;36.7810;7.1568
92;-70.8423;-249.5680;-158.9662;-46.6480;4.1319;5.3849
93;-239.8304;-390.5623;-316.8386;67.1939;-1.5595;3.1557
94;67.8489;-109.1798;-38.3330;38.7469;6.6873;25.9912
95;-54.1484;-196.3042;-119.8319;-14.5553;51.1988;44.7921
96;-0.4596;-95.7191;-24.7218;-62.0982;44.1600;33.8414
97;61.6416;-15.3342;46.3787;-73.0898;37.1474;27.1882
98;36.0950;3.2090;11.6794;-58.6464;68.3634;17.4595
99;6.8634;-59.3448;-57.6607;-31.1098;55.0300;23.1157
100;20.9655;-39.5136;-18.7212;-40.8713;67.6678;16.4646
101;13.9650;-91.5525;-41.1855;-40.7085;45.9886;-14.7058
102;16.3279;-71.5314;20.3317;-36.5268;62.8503;-23.2626
103;-93.8615;-151.0406;-52.3373;-43.3497;60.6552;-27.6160
104;-32.4340;-105.6216;-2.8042;-45.9371;55.2951;-22.6349
105;58.0381;-88.2627;-10.2978;-45.5894;-1.6271;-27.6879
106;36.4279;-96.9343;-42.9631;-11.7689;19.8770;-46.1327
107;26.7227;-121.5220;-61.4627;-14.6186;43.3776;-18.6286
108;44.1778;-125.2024;-42.5552;-20.1397;30.7421;4.4561
109;47.7523;-113.2182;-43.8606;49.3958;11.4695;8.3623
110;111.6201;-27.8913;-5.8768;57.5939;3.1413;-0.6908
111;96.3401;-44.6171;-27.7195;53.0201;15.5151;-2.7876
112;45.3902;-73.5232;-44.8916;66.6473;26.4039;-17.9438
113;59.6649;-53.8946;-55.8140;43.2715;52.8490;-17.4819
114;139.6799;-23.3128;57.7071;-13.7296;32.6133;-45.7100
115;-193.6431;-365.0711;-279.0855;-50.5631;2.4569;-1.0023
116;-348.4932;-494.6276;-420.8850;69.7360;1.5561;-1.9571
117;120.2511;-45.0665;-0.5470;27.3334;40.2231;-21.6936
118;31.2791;-71.8100;-112.6849;6.7304;66.1546;-12.5719
119;22.6521;-110.4036;-117.2425;3.5076;58.6814;5.0596
120;59.0259;-58.3870;-69.7040;-26.3603;59.9817;8.2158
121;58.3272;-72.0419;-61.2991;-43.0468;46.2773;-6.6120
122;35.4337;-66.0060;-76.9663;-45.7239;48.9536;23.4496
123;-39.7799;-129.2271;-131.2773;-15.6398;70.3836;-23.9583
124;28.5160;-96.6525;-75.9316;-9.1786;62.4931;-15.9170
125;34.2080;-85.4856;-63.8170;3.5403;59.6565;-33.4853
126;-2.1291;-67.8593;-79.5244;-4.2511;76.5447;-26.7304
127;-6.4828;-38.4996;-30.3904;-49.7119;60.6750;-3.6474
128;-13.3689;-121.7641;-95.7396;-50.3826;45.4551;-14.3746
129;-56.7267;-139.3287;-146.2845;-11.6836;62.8251;-49.7640
130;-34.2360;-107.5907;-96.3303;-18.1360;75.5076;-13.7034
131;57.2467;-118.0029;-41.8943;-24.8781;5.9858;16.2756
132;17.1373;-154.2022;-77.4552;-20.6269;27.1420;24.4247
133;-76.0076;-220.5920;-127.0880;20.8134;54.0357;21.2304
134;-68.4161;-190.3957;-101.2639;62.8949;23.9147;24.4885
135;-40.6960;-172.0450;-92.4029;66.6018;22.9541;8.2103
136;-120.6338;-222.9444;-182.0273;78.5329;2.3957;32.3427
137;59.1747;-73.1716;-47.0720;54.8840;-47.6641;-3.1677
138;75.8411;-88.8144;-8.7839;-55.3057;14.1986;12.9765
139;93.3209;-68.9184;18.1856;52.9022;-26.4697;10.8036
140;-335.1484;-510.1699;-418.5198;19.3205;-43.7108;16.1424
141;90.1159;-91.4391;-12.8055;-8.0780;-41.9012;9.8818
142;176.3122;13.4789;63.8052;-25.2635;-50.9319;2.0377
143;148.8322;-20.5378;38.7540;-18.9394;-47.7432;5.1131
144;99.9913;-79.7329;-11.7043;-2.3393;-38.0907;3.0846
145;1.9555;-177.9967;-98.7327;2.6582;-31.1775;-1.8974
146;141.1310;-50.8293;36.5061;11.0662;-4.9230;-4.6381
147;56.0967;-91.0034;-37.9413;14.5935;-27.4700;9.9926
148;10.2157;-108.1719;-65.6543;-24.9159;-23.1586;14.6818
149;39.4830;-62.6060;-29.5272;-29.5005;-25.2324;25.1916
150;-36.8803;-129.4655;-98.0499;-35.7055;-44.7500;25.9553
151;37.9530;-89.9488;-30.1359;-42.1166;-43.9158;-3.1346
152;70.2578;-68.5255;5.7372;-14.0467;-39.8401;-42.6137
153;88.9325;-58.1132;28.1657;-7.1931;-40.5162;-38.4107
154;82.2469;-60.4506;-56.4468;-21.2574;-48.0101;-7.5854
155;238.6089;70.0017;112.9715;-34.1586;-29.0901;-5.9952
156;268.2027;89.4095;156.5066;0.0422;-33.4268;-19.1547
157;222.5236;39.1038;103.3898;12.1207;-20.8453;-24.0054
158;170.3814;-22.7584;59.5545;17.8219;-12.1432;-18.7019
159;203.1451;14.0766;108.0195;31.8854;-3.3504;-15.6073
160;-35.0187;-157.1984;-95.8923;78.2174;11.5750;-14.9802
161;-19.2198;-171.5333;-85.2032;-66.0894;1.4703;2.0020
162;-101.6010;-261.6002;-182.2375;61.4291;2.0165;5.5369
184;240.6496;90.6633;165.5724;-67.3020;-4.2362;6.0706
185;3.6068;-146.4579;-70.9677;67.6130;2.0535;1.6372
207;-26.3091;-210.8901;-120.7532;-40.6951;-4.2387;3.8981
208;-17.9435;-163.8983;-92.5192;69.5921;3.7004;-5.0033
230;243.8271;62.1737;152.3677;-43.8940;3.8674;4.1318
231;-33.1940;-184.5026;-112.6923;66.4432;-7.7927;2.1002
253;33.0381;-141.6730;-54.2129;-50.4789;5.3780;-0.5443
254;105.8852;-54.4456;27.0644;57.4516;16.2576;-14.7054
255;-282.3571;-465.5289;-371.0284;7.5641;37.6867;-17.0586
256;93.5295;-63.7902;5.5561;-18.5888;57.4102;-13.6083
257;165.1189;-1.5937;54.7484;-6.9737;53.5980;-9.7685
258;120.4772;-49.3078;1.3786;-9.0256;47.7951;-3.2862
259;103.8828;-74.9648;-10.6904;4.2297;41.3364;-3.3843
260;48.8154;-131.3074;-55.6120;0.6757;39.0238;1.5149
261;138.8320;-51.5618;26.8948;4.8916;19.3072;0.1841
262;65.3547;-103.5054;-38.2251;3.6960;23.2145;-3.6456
263;-39.7184;-139.2044;-102.1305;-5.3430;41.1050;-14.8253
264;-41.4909;-101.6209;-78.7271;-26.9810;26.4606;-34.4871
265;-109.9805;-185.2728;-149.4946;-43.6400;29.0020;-42.7968
266;105.6922;-15.1128;25.1417;-44.0611;28.9161;-7.7856
267;133.4029;10.4924;94.2031;-26.2862;13.9655;39.7215
268;72.6405;-59.9559;41.9040;-16.0327;58.5219;20.7519
269;88.3076;-60.3225;-11.6252;-14.9558;52.6038;24.4583
270;162.9811;2.3926;37.7963;-18.4792;37.7938;13.2446
271;245.5832;69.8966;145.7757;-11.6057;36.9490;10.3328
272;236.4247;42.3286;117.0782;11.8073;14.3447;4.5605
273;240.1241;42.7688;116.0962;13.5159;-5.4044;6.7052
274;187.7085;-13.6555;74.9638;-0.9087;3.2672;3.3860
275;-109.7650;-261.0480;-196.1194;64.6060;-11.8799;8.1040
276;213.6413;62.9800;136.5369;-60.7857;23.7938;16.4783
277;6.2207;-148.7701;-61.1959;59.7765;-21.7825;11.0109
278;198.1178;17.7176;122.2111;29.6547;-31.4426;11.6679
279;-180.5841;-359.3556;-254.1422;24.7845;-35.1723;16.8419
280;-175.7533;-350.5543;-255.5318;33.2361;-36.1396;11.8075
281;-63.7747;-226.0035;-141.1458;37.2602;-41.6593;15.4122
282;-9.5130;-158.2644;-85.1766;37.4053;-47.0283;10.9146
283;43.0375;-119.1301;-37.1293;52.0624;-26.6727;14.0674
284;-78.3580;-269.2620;-185.2890;28.9553;-7.2548;11.3890
285;-49.0736;-241.3266;-166.6366;15.6976;-20.3458;7.8018
286;-27.2052;-174.8698;-127.5127;43.4498;-38.5462;7.5928
287;-67.4090;-218.4627;-190.8548;20.1996;-50.6015;15.8750
288;98.6598;-59.8334;-22.3173;12.2586;-45.1598;0.4568
289;129.8419;-37.0285;-5.4283;-3.9871;-43.3679;16.0323
290;126.3082;-53.3768;-14.2762;-8.3229;-23.7647;6.7649
291;70.4854;-83.2750;-34.6250;-46.0957;-41.9817;0.1178
292;165.5480;3.4174;55.4868;-24.9705;-45.5794;-14.2417
293;94.8032;-62.9170;-1.5415;-47.9173;-39.0041;-8.3747
294;-127.0692;-297.0301;-222.6269;-19.2842;-48.6082;-7.3868
295;-17.6246;-196.9510;-100.6263;-30.5363;-32.5028;-12.8514
296;54.5184;-120.7490;-30.7056;-22.8540;-43.0106;-12.4303
297;22.1158;-148.9678;-50.6474;-44.3939;-26.6970;-12.3675
298;62.3322;-97.4055;-10.5313;-60.3323;-12.3969;4.3894
299;-354.6938;-498.0466;-418.0175;-71.0269;1.4830;-0.7455
300;224.9273;68.8668;145.3813;62.1622;-5.9432;14.8119
322;-477.6763;-595.0589;-538.6891;-81.4507;-6.0211;9.5608
323;64.3884;-93.8547;-19.7028;62.5621;0.2450;5.0802
345;-74.4833;-173.9489;-128.6596;-87.8831;-1.4562;1.6877
346;60.1907;-99.8248;-19.6170;61.6999;0.3405;-0.2794
368;-235.2543;-332.8921;-291.0174;-88.3128;-1.3655;-2.8225
369;199.8732;36.1856;109.4732;58.7998;0.6553;-5.2616
391;-340.2378;-425.8983;-385.4692;-90.7508;3.9682;-10.9782
392;80.8139;-93.0903;-4.4490;49.4205;5.9200;-13.0108
393;177.3316;-10.9136;84.9772;27.8502;15.4744;-18.2520
394;-155.0371;-338.2353;-244.4027;27.2539;26.8403;-15.6933
395;-151.7987;-323.2287;-230.5058;27.8933;41.9133;-17.2988
396;-91.0581;-244.9835;-164.9962;25.7938;54.6220;-24.0813
397;8.2986;-141.2645;-70.3076;45.2775;47.0586;-15.2521
398;-11.7722;-179.2237;-106.4706;47.1027;24.4584;-16.2111
399;-64.1027;-252.7104;-193.2629;19.1841;16.2178;-15.5084
400;-7.6219;-190.3840;-134.7591;13.8442;31.3283;-3.0963
401;34.0166;-138.5190;-90.0720;12.7366;43.9102;-8.9246
402;-60.1959;-211.7591;-171.1652;34.5040;52.3695;-1.1296
403;143.0777;3.5576;39.1534;42.5809;48.8779;2.1544
404;32.8417;-112.6356;-91.2633;-4.1156;58.0698;3.1971
405;-42.3426;-171.1342;-150.2485;-34.3242;56.6836;10.4223
406;26.8332;-107.9349;-81.9763;-54.1383;43.3428;12.4801
407;153.5616;-4.0068;47.7874;-34.1594;45.1677;19.6329
408;121.2742;-26.4465;23.4724;-39.5795;47.4695;4.1347
409;-20.5856;-193.7677;-126.0096;-24.4821;44.6290;0.9913
410;-0.1913;-183.3565;-106.5273;-27.1035;30.6648;-8.5719
411;27.3429;-159.6060;-70.2644;-27.1212;22.0955;0.9794
412;18.9179;-147.2408;-53.6486;-54.0277;18.6438;-1.6521
413;188.6021;36.0731;129.1615;-62.4796;19.7319;2.1596
414;-641.4427;-722.8359;-673.6945;-91.4549;12.8153;0.3504
415;-558.1285;-626.4188;-590.6729;92.7467;-16.4314;8.9454
416;-254.4785;-363.9124;-311.0065;80.7339;-25.2855;7.4815
417;75.7907;-77.3368;0.0054;54.8832;-34.0276;13.2696
418;4.8420;-167.4849;-76.4160;35.9148;-31.7908;21.6775
419;-79.2384;-258.9977;-168.5315;23.1362;-34.1256;20.7372
420;-86.9604;-256.0732;-175.5550;33.0140;-35.8976;25.9719
421;-50.3087;-222.8591;-148.7769;19.7815;-35.4962;27.4749
422;47.3250;-126.3205;-50.3621;33.4419;-30.2980;24.3817
423;121.8334;-51.3460;22.7050;18.2800;-37.7119;30.0301
424;40.3426;-131.1872;-53.8642;21.8545;-36.7648;20.6905
425;101.2469;-77.0289;2.1826;18.0062;-29.4513;30.6828
426;-33.9571;-220.5783;-139.4773;-0.2283;-26.0964;22.8966
427;-80.9152;-254.2002;-176.1537;25.9919;-32.2514;25.4792
428;-75.5589;-254.2168;-166.1398;20.0020;-34.9096;19.9664
429;-14.5846;-189.9565;-110.3510;-16.6767;-39.8175;24.6772
430;-85.8859;-242.5891;-167.2476;17.1193;-53.9871;17.8557
431;-140.3429;-310.7857;-224.4858;-12.2467;-46.3998;25.3444
432;49.0705;-118.6357;-32.3172;-21.0739;-42.2047;30.4046
433;-2.3825;-158.6335;-76.9662;-19.0266;-50.7986;30.6173
434;-93.0323;-272.7846;-148.3928;-28.6204;-24.5088;17.7113
435;-214.8686;-399.1259;-261.6983;-27.0291;-14.8298;9.2818
436;-836.0475;-982.8795;-886.5612;-66.2374;7.1090;14.3408
437;-676.2745;-718.2712;-681.7267;-97.9140;7.8112;-6.2189
438;-566.2986;-625.5025;-594.2745;96.2807;-6.1601;4.8236
460;-286.0162;-341.9400;-322.3566;-96.5455;-8.4134;3.3532
461;-509.9794;-563.9956;-536.8375;97.3531;0.1807;1.1053
483;-417.1305;-506.4476;-477.8475;-89.6576;-3.1723;8.9129
484;-597.8245;-651.5925;-622.8821;97.3770;-1.4738;0.1455
506;-298.4424;-386.7243;-362.6500;-89.6929;-1.5687;-8.8548
507;-576.7112;-637.4026;-607.5497;96.2016;4.5195;-3.4970
529;-541.2356;-657.7708;-610.6393;-81.1786;-3.0334;-13.1421
530;-515.1394;-622.2424;-570.4081;84.3918;11.2708;-9.5168
531;-185.8043;-312.1877;-257.6864;75.9552;19.0389;-7.6354
532;77.7339;-83.3820;-16.3543;52.4751;27.2598;-12.6880
533;33.8296;-148.2010;-67.8210;18.2560;37.2951;-12.7352
534;-49.3592;-219.7068;-139.3764;27.8717;38.2444;-21.8388
535;-127.3193;-299.5378;-222.1095;23.2346;41.2496;-22.9572
536;22.9232;-152.9813;-72.2979;26.7920;33.4344;-24.8888
537;86.8587;-89.4016;-11.2961;14.0162;40.5718;-21.1834
538;60.8027;-109.5640;-28.9542;3.9234;51.8036;-15.6892
539;20.4640;-141.8405;-58.8886;43.4734;39.3817;-13.4429
540;129.5581;-58.2662;37.7848;6.5199;30.3233;-15.4314
541;-78.0164;-259.5959;-179.2334;24.1784;26.5807;-25.2623
542;-21.9024;-209.6065;-117.0906;18.3990;20.9296;-4.4222
543;44.4801;-120.0615;-50.5559;36.8948;40.1746;-20.2561
544;63.9956;-119.5810;-39.0283;8.4895;29.5552;-9.7634
545;11.7059;-170.7656;-83.7341;5.2781;28.1428;-27.9971
546;-111.3517;-279.8806;-202.2910;-32.8533;38.2787;-19.7530
547;40.9457;-98.6706;-44.2282;-16.4276;61.5749;-34.5704
548;30.3322;-120.8414;-32.6250;-29.5447;48.2302;-35.2528
549;-44.9946;-212.7949;-90.9246;-29.0237;38.0539;-14.3434
550;-125.0342;-288.8009;-160.4889;-49.2895;15.7866;-3.4823
551;-1041.9327;-1176.3921;-1081.3444;-73.6029;-0.3709;-3.6109
552;-298.0800;-448.3651;-349.0604;-65.1000;9.0921;-6.8308
553;-53.5992;-163.1517;-133.9628;68.7184;-15.1769;35.7044
554;-233.5007;-382.6259;-324.5334;58.5647;-27.2369;19.6636
555;-360.2156;-546.1161;-467.6591;28.0082;-16.0999;21.2936
556;-124.5749;-315.4560;-236.0225;11.8518;-17.2105;24.0284
557;-52.5894;-239.3503;-153.9591;11.1242;-25.2720;26.5468
558;-54.7899;-235.2249;-148.8839;17.2028;-28.0333;31.3420
559;-78.1502;-253.8689;-171.7307;3.0258;-31.9447;35.7948
560;-190.5099;-367.5728;-286.7765;5.5863;-33.8377;34.2692
561;-260.1083;-443.3705;-354.9080;-6.0621;-27.1138;32.1998
562;-267.5919;-449.6786;-362.9343;-4.5808;-21.9325;37.5668
563;-282.3938;-465.8310;-379.8240;-8.4719;-17.7992;37.3706
564;-275.0323;-454.7885;-371.0951;-14.2541;-14.8976;41.1354
565;-276.6567;-461.3903;-371.1989;0.7709;-12.7402;38.8873
566;-247.1488;-429.8289;-343.6623;-4.4271;-10.5647;41.1511
567;-303.4335;-484.9442;-385.1842;-17.5090;-8.5697;39.5572
568;-242.3556;-419.3579;-323.5850;7.4713;-14.8160;44.4098
569;-159.1402;-336.9765;-243.7058;-7.9375;-10.2449;43.8542
570;-330.5052;-500.9402;-412.2534;-11.9269;-10.6054;51.8418
571;-583.5205;-751.8191;-671.9806;-7.3118;-11.6832;54.1393
572;-597.4647;-782.4964;-634.7341;-14.3372;-2.6439;20.0415
573;-701.6646;-885.4385;-748.6938;-22.5511;3.1924;20.9185
574;-228.8370;-387.0815;-278.3755;-57.6793;8.1965;16.1922
575;-76.6549;-253.3139;-134.2677;-37.3440;4.8976;21.6427
576;-156.2742;-259.2271;-202.5695;83.9281;-6.0693;9.4190
598;-443.5374;-574.8634;-528.3514;-69.9763;7.8796;22.0178
599;-120.9480;-227.5941;-168.2208;83.2395;-3.0649;6.0176
621;-249.1121;-361.6011;-323.7766;-79.5068;-1.8605;15.6700
622;-95.0861;-201.9179;-142.1700;83.3867;3.3940;-4.2245
644;-358.7221;-475.6362;-436.1623;-79.1082;5.1987;-5.9349
645;-60.0760;-161.0584;-106.3103;84.6928;5.4107;-9.8773
667;-80.8096;-195.3972;-167.2058;-76.7660;-2.3638;-18.2170
668;-109.0992;-237.2145;-190.6665;62.7924;25.3117;-29.6319
669;-325.7417;-468.5443;-413.6131;62.3231;29.2905;-16.6632
670;-343.3368;-530.3014;-459.2683;25.9473;15.2664;-19.6826
671;-127.1248;-318.1324;-241.4338;18.8223;16.9750;-18.0844
672;-67.6545;-255.3668;-172.0480;17.3379;18.2696;-26.9809
673;-12.2409;-202.1687;-113.8884;7.1139;23.4362;-23.9882
674;-160.0859;-343.7006;-256.2217;6.4853;27.5507;-31.1833
675;-188.9977;-370.3686;-283.0591;2.5727;28.9608;-33.6948
676;-216.2592;-393.6944;-307.7475;-17.6798;26.3766;-36.4233
677;-294.1405;-480.4587;-384.6274;3.0387;23.0899;-31.3840
678;-313.3773;-495.4644;-405.6821;-19.5340;10.5563;-37.7605
679;-272.2104;-458.2369;-365.0420;-14.0205;9.9039;-35.2764
680;-263.2588;-446.8297;-355.9573;7.3844;12.4475;-39.6738
681;-372.2498;-557.9689;-463.1957;-19.6494;-2.3561;-34.3468
682;-326.0998;-510.4046;-422.0318;-4.9136;5.3327;-40.7298
683;-260.6978;-446.8415;-353.1475;-15.5643;0.4693;-36.1023
684;-257.5775;-445.4177;-345.9035;-15.6853;17.3783;-28.7904
685;-459.9848;-625.0066;-551.8113;-19.0144;17.3110;-52.0590
686;-644.7524;-814.9886;-703.6556;-18.1306;13.5803;-47.1277
687;-674.6976;-859.3002;-721.6810;-6.1079;16.2915;-26.4862
688;-951.6011;-1141.8188;-1009.2277;-13.8890;11.1060;-19.3272
689;-17.1444;-190.4436;-71.2221;-46.5998;1.8424;-13.0996
690;-277.6778;-389.6617;-314.7594;-80.2698;3.3284;-19.2473
691;-400.2686;-578.5560;-526.0212;6.1111;11.4429;27.2986
692;-432.8375;-593.8946;-565.2659;-18.5224;0.4786;46.6604
693;-350.4296;-529.3595;-465.7607;12.7637;-4.0953;42.4459
694;-543.0201;-731.6539;-654.7769;-0.4673;-2.9225;34.6773
695;-576.8815;-765.0858;-686.5331;3.8344;-2.4521;35.3810
696;-538.3372;-729.0018;-641.9857;-4.5413;-1.3500;32.7811
697;-570.2048;-756.8789;-666.4372;7.0365;-0.5408;37.9990
698;-408.7661;-593.0815;-503.4034;-5.7602;1.7729;40.9501
699;-321.5075;-505.4370;-414.7153;3.8728;-2.5843;41.5768
700;-210.9453;-394.9723;-302.6253;-8.2674;-0.9336;40.8973
701;-255.2562;-433.6714;-351.1225;5.4708;-7.3944;46.3783
702;-189.3440;-364.4564;-279.7183;4.3186;-3.8398;50.0620
703;-235.0570;-408.6039;-320.0928;2.9188;-1.8049;51.2925
704;-195.5270;-366.3102;-280.9213;4.0739;1.4849;53.8313
705;-356.1178;-525.7679;-432.2485;5.6343;1.5496;54.3479
706;-411.5811;-578.5425;-492.0449;5.8091;3.2839;56.4955
707;-559.3733;-730.5057;-636.2465;1.7933;7.5350;52.9299
708;-467.7538;-632.3094;-552.4219;7.4113;0.7648;58.1488
709;-206.1805;-370.1607;-282.6118;-6.2438;9.4297;57.8597
710;-186.9990;-364.0161;-225.7319;4.6006;-2.0927;38.9093
711;-57.7224;-237.4004;-100.2647;-0.9713;2.8684;37.1815
712;-492.1019;-673.7603;-545.9650;12.4938;1.6407;36.6621
713;-804.9700;-988.2913;-871.8091;-4.7895;11.1211;33.7872
714;-771.4766;-959.4089;-842.5664;7.4189;-0.7742;8.3701
736;-414.9867;-585.8129;-536.2720;0.4261;9.0603;38.4007
737;-708.0038;-893.8819;-787.6207;15.1610;3.1327;13.3487
759;-638.1788;-821.6478;-754.0213;0.1853;0.7498;21.5111
760;-762.8320;-948.9419;-838.5753;15.7942;-3.7403;-9.8761
782;-463.8862;-652.0870;-586.6238;2.4887;3.9129;-5.6526
783;-851.9102;-1037.3127;-922.3093;17.0445;-5.9122;-7.2527
805;-777.6751;-949.0945;-917.3354;8.8362;5.0257;-29.7536
806;-383.0562;-564.0002;-502.4382;13.3135;-2.0273;-26.1256
807;-354.7677;-519.6656;-484.8301;-7.8988;7.9769;-47.1686
808;-361.9036;-544.9486;-478.0836;8.0749;-1.6287;-39.5151
809;-553.3935;-741.5763;-663.6743;3.5504;-6.2577;-34.8714
810;-590.6215;-779.8267;-698.0198;-2.6963;-0.9564;-34.5821
811;-569.4388;-758.4527;-670.2872;2.3337;0.9404;-35.4546
812;-436.3501;-621.9899;-532.4539;1.7416;-1.3763;-39.8029
813;-444.5277;-628.3882;-538.9636;1.4713;-1.2035;-41.8505
814;-385.6462;-567.0889;-476.7455;-8.8182;-4.5880;-43.3487
815;-233.0536;-412.6986;-322.2557;-8.5239;-1.6697;-45.4388
816;-222.5842;-401.7095;-310.2761;-6.2010;0.4801;-46.3359
817;-139.4277;-310.0684;-230.1539;3.9655;3.7909;-53.7488
818;-289.7206;-461.0971;-375.6669;-2.7221;-1.3718;-53.4467
819;-292.9551;-460.5634;-373.7830;14.3222;6.9232;-54.1220
820;-281.3673;-450.0914;-361.2026;1.7330;-1.3296;-55.4957
821;-456.9207;-626.8318;-537.6536;-13.5720;-9.6392;-52.0367
822;-466.9585;-641.4286;-548.1350;1.6201;6.0400;-50.4682
823;-345.8948;-508.4825;-437.8149;-4.2819;1.2009;-59.5166
824;-179.8142;-345.0695;-237.2469;4.9407;6.6416;-55.3465
825;-151.0294;-326.8375;-198.7749;-4.2850;-0.8120;-43.8705
826;340.3291;159.6600;286.7791;-5.1690;-0.1153;-39.6262
827;-794.7697;-983.3663;-851.0621;0.2874;1.5613;-28.8472
828;-688.8050;-874.8079;-753.6000;2.0188;-1.0133;-30.8162
829;-185.8100;-297.8983;-264.7346;-73.1261;16.4579;23.1064
830;-217.5375;-391.1094;-328.4265;-29.6755;30.8916;24.7264
831;-312.8747;-492.8106;-419.2684;-37.2013;15.2547;20.1871
832;-127.6323;-319.4758;-240.8900;-9.6322;13.1228;25.3414
833;-37.2073;-226.6118;-150.4956;-13.7004;14.3859;27.0188
834;-60.8784;-248.5063;-173.2903;-7.7426;18.8743;29.5938
835;-28.0588;-214.4567;-130.0856;3.2828;26.1532;28.3116
836;-200.2262;-378.2725;-294.1216;3.6273;30.4315;36.5522
837;-260.5462;-442.6620;-351.6349;-5.4174;29.0192;32.3315
838;-255.3675;-439.5670;-346.1623;1.0598;20.1127;36.3285
839;-229.7801;-416.9366;-321.3596;8.7166;13.0879;33.8736
840;-239.6332;-416.5377;-332.9089;22.7390;9.7700;41.6009
841;-267.3165;-451.6870;-355.4190;4.3132;20.1576;32.8224
842;-354.8792;-532.7291;-449.5929;12.0176;18.4875;42.4653
843;-323.1044;-506.8529;-416.5348;16.4350;15.1021;35.6155
844;-274.8528;-448.3324;-371.4578;8.4126;24.9407;44.2639
845;-212.7574;-386.7640;-299.3737;17.5332;23.6903;41.0193
846;-373.5090;-543.3934;-458.5503;22.5364;21.9274;43.5136
847;-576.3398;-743.7587;-648.9715;24.1462;20.5006;46.4419
848;-657.8033;-833.5939;-708.4843;22.1327;16.1750;35.6319
849;-654.9021;-833.5738;-699.8069;30.4916;9.5128;22.4215
850;-410.2845;-570.3870;-453.5020;55.8972;6.5101;13.4541
851;-243.5377;-349.8379;-268.5095;79.2968;11.6557;22.7557
852;-114.3858;-226.8269;-162.7807;-79.6317;2.9427;6.3993
874;-557.3259;-653.7115;-628.6425;81.6657;-2.1344;25.7376
875;-134.6709;-247.0957;-181.9164;-79.3309;0.9383;9.2717
897;-208.1530;-314.8374;-278.8029;82.1711;9.9742;7.7457
898;-52.2637;-166.0774;-99.2153;-79.2331;-1.6070;-5.1236
920;-491.7545;-608.6929;-574.7787;78.1085;11.0463;-2.1255
921;-107.5547;-222.3056;-156.0278;-78.7281;-7.4503;-5.5410
943;-79.2226;-209.7829;-173.6189;70.8916;7.5461;-15.3487
944;-106.3563;-238.9582;-202.9985;-57.1558;-15.2490;-34.4726
945;-338.9301;-496.1948;-437.4874;-49.8862;-27.7614;-24.5299
946;-335.0447;-513.6804;-440.0986;-39.0966;-16.2696;-18.8379
947;-133.9698;-324.7264;-243.5046;-17.8454;-15.2441;-22.2187
948;-40.5794;-231.3100;-148.2462;-5.0950;-17.2094;-27.2255
949;-0.7031;-186.6012;-101.3208;-6.6731;-19.6393;-33.4511
950;-156.9981;-339.1173;-254.0981;-6.4512;-22.7597;-36.6701
951;-154.5215;-339.9708;-249.8357;-2.1330;-24.0269;-32.0374
952;-233.0743;-413.7774;-324.9978;5.8391;-20.7582;-39.7380
953;-313.5943;-496.2331;-399.3031;1.2226;-16.9464;-38.4357
954;-288.4373;-466.2018;-366.5315;11.4194;-15.9546;-43.4111
955;-301.5728;-480.2834;-385.4594;9.8460;-12.4305;-44.3005
956;-238.8780;-412.9314;-326.1030;3.0500;-19.6495;-47.3209
957;-263.4621;-446.4510;-351.6805;-1.2854;-14.2620;-38.8392
958;-271.4681;-454.6430;-364.2154;2.1840;-7.5608;-41.9248
959;-268.3499;-452.0454;-354.6074;12.9317;-4.4840;-38.7882
960;-287.4424;-467.4553;-372.7148;6.2792;-15.3652;-41.5761
961;-551.0311;-734.2131;-634.6765;12.6476;-3.9446;-39.1527
962;-585.7911;-770.3566;-669.8235;7.5522;-4.5236;-39.9003
963;-669.9399;-858.7534;-739.8074;9.2538;-9.6258;-30.2766
964;-898.1470;-1089.6239;-952.2305;13.0657;-8.9293;-14.6171
965;104.5601;-54.4530;58.1149;57.1179;-3.8729;-10.9075
966;-387.0302;-564.3786;-438.4285;36.1443;-13.0254;-14.0917
967;-294.9417;-426.7637;-362.3037;-73.0701;19.4267;12.1137
968;-202.2305;-351.7609;-281.3191;-59.7546;29.8037;12.3854
969;54.3583;-124.4323;-42.4978;-39.4007;22.2909;12.2047
970;7.9433;-182.8906;-99.7720;-13.3324;25.4891;15.0358
971;-142.2580;-328.9315;-254.5047;-15.8360;26.0265;21.1949
972;-62.5408;-238.3030;-176.2447;-22.1917;34.0085;23.7729
973;-104.8189;-265.1771;-208.1676;-10.7562;48.2998;33.9432
974;51.4316;-107.5322;-42.8587;-38.7735;35.4696;26.5368
975;123.4753;-52.1921;22.3793;-20.8829;30.0265;33.1249
976;-54.5521;-223.5697;-145.3986;4.4321;38.7040;26.6456
977;1.8537;-177.1006;-91.4458;-13.8111;31.7483;31.6006
978;-119.4485;-308.6336;-213.5644;-2.2988;22.4662;15.8021
979;-86.1261;-255.3608;-189.8957;-27.2891;31.6927;33.4198
980;46.6098;-127.0372;-57.8582;6.3150;40.7303;14.7714
981;15.8783;-145.0186;-77.8615;-5.2889;52.8584;29.2491
982;-17.3675;-170.5903;-113.1159;20.6382;48.7492;29.6257
983;-127.5073;-281.1736;-228.5362;7.9500;46.2690;34.0660
984;77.5820;-94.0841;-27.9495;9.2016;37.9513;31.3531
985;115.2468;-54.8231;19.0898;29.0817;33.8607;30.7224
986;-20.4901;-188.3075;-88.9159;40.0563;30.6181;23.3620
987;-329.7834;-485.4181;-371.0831;57.6042;14.2774;13.6450
988;-668.2206;-778.5251;-701.0739;82.9397;0.2274;11.0351
989;-724.5268;-847.4466;-754.2409;75.8348;18.5021;-1.3546
990;-558.3048;-654.5197;-609.9704;-88.7251;2.2204;3.5649
1012;-115.8224;-196.6523;-174.0952;91.8667;0.6620;2.1211
1013;-422.9565;-521.6381;-469.2933;-88.0716;-3.6552;-0.9237
1035;-446.8924;-541.4587;-514.5629;87.6052;12.5881;0.9844
1036;-560.9667;-655.5000;-600.3868;-89.0477;-2.5129;-4.2262
1058;-50.5776;-178.2071;-132.8397;75.7173;16.9078;-1.8959
1059;-496.1795;-579.8991;-536.3047;-91.3111;-6.1155;-8.9428
1081;-596.1575;-725.6223;-679.1800;75.4947;4.0119;-13.1480
1082;-464.9163;-556.9680;-515.8387;-87.4010;-16.2211;-13.4127
1083;-122.4886;-263.7195;-205.7350;-66.2305;-26.6461;-8.4926
1084;54.3963;-122.2225;-45.8470;-42.4680;-22.0760;-8.4513
1085;-12.6289;-201.3724;-116.8752;-17.0420;-27.0208;-15.7876
1086;-115.7281;-297.1512;-213.2896;-11.5004;-38.6065;-18.4766
1087;-144.2419;-323.0088;-241.6648;-20.4543;-33.8397;-25.1770
1088;-38.1646;-218.8661;-141.7449;-17.7886;-31.2959;-26.2843
1089;36.1513;-138.7184;-68.7387;-26.1955;-29.2328;-30.3507
1090;96.0633;-68.4258;-13.6158;-5.1814;-38.6341;-34.9133
1091;37.7816;-123.7807;-65.0460;-12.9754;-42.7135;-39.0886
1092;54.4485;-120.6306;-41.0163;8.2377;-36.5175;-26.9800
1093;-107.9537;-274.7943;-195.2858;-33.8214;-30.1459;-34.2449
1094;-76.3252;-268.0040;-172.3841;-14.1871;-15.2707;-20.9778
1095;-82.0792;-254.7793;-164.8325;-19.6968;-39.2185;-27.1327
1096;-8.5568;-156.5584;-75.3673;-6.4752;-58.4299;-30.0758
1097;-80.5658;-239.6157;-147.1481;6.0166;-53.7812;-29.6919
1098;-78.7540;-236.4784;-157.0661;-9.8907;-51.7664;-29.8255
1099;156.4897;-24.2453;66.7492;20.6993;-24.8956;-29.5675
1100;60.6642;-106.4480;-12.0918;11.1438;-44.2328;-25.7018
1101;-7.9356;-187.2524;-64.7631;26.4871;-30.0359;-8.8845
1102;-159.6145;-340.0994;-205.0636;35.4737;-11.6123;-1.6089
1103;-1220.2229;-1370.4954;-1270.7668;64.6700;-1.8318;-9.8981
1104;-105.3532;-253.7309;-148.2928;65.2110;-10.7689;3.2258
1105;-14.2259;-191.3024;-92.9589;-30.1963;30.2169;22.6362
1106;138.5433;-21.0423;66.5348;-54.0863;25.7208;13.1304
1107;-107.8243;-289.1551;-191.2965;-23.3887;34.3111;15.7030
1108;-135.4740;-314.3811;-224.3530;-30.1726;33.5242;13.1159
1109;68.0694;-100.1419;-26.1595;-23.5367;43.2331;20.8005
1110;-78.3941;-240.9415;-179.5191;-21.8910;47.8252;23.7864
1111;58.0994;-100.9677;-39.8408;-16.3792;51.4535;27.1949
1112;-140.8172;-287.2920;-228.1224;-65.1404;21.3031;8.2669
1113;-106.1994;-286.9088;-252.4327;-6.2001;-3.9913;23.5695
1114;27.4580;-137.8491;-93.5483;8.8492;38.1911;23.3821
1115;38.5801;-105.5488;-87.4817;0.3826;55.4626;24.6435
1116;175.1335;11.4863;36.0206;9.0239;35.7268;13.8103
1117;126.8577;-31.1957;-8.9467;29.6428;24.0668;28.0165
1118;15.6416;-135.2490;-102.6230;40.4210;29.1333;20.7148
1119;63.4339;-95.1313;-29.2576;51.3990;22.2023;22.9112
1120;180.5247;20.9056;82.1389;48.5878;34.9632;-1.1540
1121;158.1514;-7.9598;45.6869;38.7443;38.7762;4.1340
1122;-25.9781;-211.2965;-145.4486;30.6738;3.9546;-1.2277
1123;2.8380;-184.5377;-120.1526;21.3016;24.0197;10.5807
1124;79.8803;-84.5639;-14.4011;55.0902;17.3421;7.9815
1125;110.8309;-61.3917;26.9825;49.7458;11.6845;6.3400
1126;-163.0469;-332.5000;-238.8053;52.6613;7.9405;12.9101
1127;-134.4629;-243.3967;-179.6145;84.4774;5.6738;6.6436
1128;146.4154;-37.2143;39.4767;-40.8180;-2.0201;5.6509
1150;-663.3716;-751.3395;-707.7450;90.1901;4.4592;10.9341
1151;-82.8923;-237.1044;-163.4235;-64.8699;-6.4511;-3.0587
1173;6.3176;-84.9129;-45.9606;89.9078;5.2477;1.3558
1174;-113.4113;-243.2995;-172.1538;-77.2713;-2.4736;-0.8989
1196;-317.5698;-407.0479;-365.6677;90.0864;8.0130;-4.8185
1197;74.2294;-57.3692;0.9363;-76.2416;-1.0787;-6.7908
1219;-173.2240;-264.4649;-221.7605;89.9910;-0.1890;-5.0851
1220;15.5928;-141.9224;-56.3926;-58.0937;-17.0995;-17.9726
1221;96.6725;-76.2400;18.4716;-46.1369;-17.7967;-16.1816
1222;-114.8884;-301.8238;-199.4446;-23.2911;-22.8466;-19.5246
1223;-121.6560;-302.5450;-211.9209;-17.9261;-35.7866;-20.6421
1224;5.8930;-160.0056;-80.3108;-14.6361;-50.5184;-13.3671
1225;11.2381;-146.4550;-76.6238;-27.6758;-49.1896;-21.8639
1226;69.4426;-92.6729;-36.7451;-25.8410;-44.3714;-8.4373
1227;-79.0119;-246.0417;-194.1414;-38.9654;-30.8000;-12.0747
1228;-34.9098;-212.2652;-166.2984;-28.3636;-20.7312;-7.4225
1229;8.8357;-160.4564;-136.8210;-10.9947;-31.5424;-26.2069
1230;-3.7055;-149.0406;-135.4756;6.7591;-57.4139;-5.9315
1231;157.9183;-7.4185;19.5987;-2.4972;-39.1846;-24.3152
1232;98.6363;-71.3404;-40.6218;-5.5795;3.1863;-11.3509
1233;49.8851;-93.3690;-45.2210;60.8574;-8.4108;-31.1292
1234;21.7027;-135.9046;-83.0694;48.0673;-31.7769;-6.7806
1235;128.4376;-48.6227;32.3552;16.6650;-45.1398;-4.2618
1236;49.4944;-98.1867;-43.4669;42.9301;-46.2985;6.0453
1237;-152.7577;-316.7964;-247.9423;36.3338;-44.9644;5.2779
1238;1.3451;-177.3437;-81.0214;12.8938;-37.4726;4.1359
1239;12.5541;-154.3991;-51.0155;8.9508;-32.9527;8.8648
1240;59.8720;-112.5693;-9.9012;26.9307;-33.9749;8.2192
1241;280.0643;121.6866;203.7512;46.0551;-23.4671;2.1908
1242;-803.6614;-893.6912;-845.6662;89.2152;-13.9997;4.8606
1243;253.5708;86.5813;175.7600;-44.2959;22.8486;27.2397
1244;-307.7451;-491.5100;-399.2477;-18.6244;26.5220;16.6711
1245;37.7157;-130.9144;-58.1546;15.2383;50.3920;16.8298
1246;170.7286;20.1701;65.8627;13.8973;63.3239;5.3123
1247;-33.9374;-205.6287;-148.4497;-0.7052;50.2801;2.7304
1248;211.9656;38.7580;88.3215;2.4741;43.8536;-2.2962
1249;6.4548;-164.7456;-105.3277;-10.7263;40.9324;2.6519
1250;92.5227;-79.4631;-7.6789;5.0987;43.8721;9.1098
1251;132.3976;-37.1176;28.6033;-11.2350;43.2250;-1.6791
1252;31.2756;-94.9078;-78.6840;18.1369;58.2119;18.3824
1253;-29.2718;-146.8898;-128.8273;11.8125;58.0168;28.0259
1254;-72.2486;-152.1161;-138.1380;5.5542;56.5167;23.6043
1255;24.2893;-88.1149;-74.6398;4.8398;67.9648;-0.4371
1256;136.6198;0.2872;79.8620;24.6348;28.9967;-36.9463
1257;63.0189;-54.1529;16.6628;19.1835;48.7141;-39.1398
1258;20.2986;-81.4152;-64.2761;46.7957;65.6264;3.0000
1259;182.1474;16.1241;62.6091;22.3258;41.1968;15.5031
1260;244.9086;67.8925;107.8946;3.6653;34.2928;-9.6647
1261;255.1264;74.2154;116.3983;-20.3913;22.2626;-6.7662
1262;185.0646;-14.7059;64.3590;7.8765;1.6643;3.5191
1263;189.0536;-6.4716;81.1719;-23.0475;-5.4434;7.4732
1264;25.2396;-123.0878;-48.9598;-65.2171;-21.3241;-0.3012
1265;59.2061;-114.1273;-27.4397;51.7528;-3.2862;-2.8390
1266;-53.6386;-237.6350;-158.1437;-40.5604;-3.4885;-1.1236
1288;219.8662;42.1506;124.1199;46.8024;7.9620;-6.5539
1289;210.2868;27.1178;117.1350;-37.8875;-19.5443;1.5336
1311;39.6065;-123.8374;-35.7613;59.1940;2.5918;2.3783
1312;125.0035;-41.8521;44.4327;-56.3377;0.8473;-8.4117
1334;154.5391;-7.0437;73.3860;59.7790;10.1711;1.9791
1335;-1.1886;-166.2346;-95.5836;-55.6894;15.2424;4.2033
1357;-112.0599;-257.7985;-178.5185;69.7412;1.4037;4.3365
1358;186.0020;20.1719;115.9993;-43.4985;-25.1094;-27.1256
1359;-306.2464;-478.7851;-378.3122;-22.1761;-39.7445;-25.0454
1360;5.1696;-168.1896;-81.3869;2.0083;-48.5528;-18.2340
1361;135.5177;-1.1652;38.2419;14.8657;-70.6924;-6.3488
1362;90.9868;-47.5729;-10.6402;-6.9279;-63.1317;-9.6648
1363;65.9902;-90.4473;-42.8179;-14.1757;-43.8159;-4.7126
1364;-0.2441;-176.8683;-114.8476;6.3197;-37.6141;0.6486
1365;76.4146;-107.3542;-22.2438;-1.7796;-31.3011;-2.3197
1366;69.0234;-107.9147;-29.1499;-15.5284;-35.6313;-2.8082
1367;68.2551;-101.4542;-25.1113;18.6820;-15.5629;-15.9909
1368;-39.0130;-129.4557;-81.0491;-3.1898;-45.4696;-30.7768
1369;-87.6465;-171.3945;-132.7837;45.0405;-52.7885;-36.1922
1370;80.7826;-86.3611;-0.0028;1.4092;-35.2801;12.6547
1371;57.1997;-42.3605;9.9962;17.6094;-57.1038;39.2029
1372;122.9700;-29.2809;45.4671;15.3745;-36.1453;38.2837
1373;69.0071;-60.2143;-0.2344;40.3881;-53.1833;24.0313
1374;182.3125;34.2870;95.5783;42.1889;-45.5981;4.6066
1375;250.5135;70.3561;149.2477;1.1150;-37.1372;18.7543
1376;134.0610;-52.6362;39.4370;-11.0083;-27.2947;21.1983
1377;136.2562;-42.3402;53.0454;-9.2917;-16.8454;18.4572
1378;89.7983;-84.2276;4.4804;-41.5092;-19.8523;16.0136
1379;-176.4052;-316.2460;-249.9274;-69.0828;-14.8607;-8.4891
1380;241.7803;105.8363;171.4530;63.1074;-16.4885;8.9680
1381;-432.8636;-588.8870;-513.9648;-64.0663;0.8824;3.7491
1382;145.5457;-12.5436;15.5945;11.4492;44.2476;27.6321
1383;78.5249;-41.9003;-57.8973;-18.0470;64.0888;3.6555
1384;12.7351;-124.9510;-125.4837;-3.1245;53.5191;-14.1728
1385;135.0764;30.7728;7.7711;32.9912;58.1783;-11.4690
1386;-19.0504;-146.0711;-140.4305;11.4031;62.6970;-4.6055
1387;89.4348;-57.7391;-26.2747;19.1287;50.1851;3.1845
1388;-25.2788;-83.1881;-110.3504;32.2485;76.0229;-9.4135
1389;-8.3300;-130.9020;-120.8878;36.1418;53.4627;13.6716
1390;13.0709;-141.9447;-102.9243;3.2885;51.2190;0.4943
1391;9.0156;-111.3425;-80.6796;7.4505;65.5863;22.6048
1392;-71.5269;-109.1956;-103.7838;16.9916;70.1179;47.0672
1393;-3.0580;-89.2804;-77.8980;36.0680;50.5476;38.9520
1394;-21.6939;-122.7950;-130.2001;15.3330;60.8387;33.1485
1395;-9.6714;-105.7825;-89.2384;33.1520;67.0193;22.9961
1396;44.5466;-114.0608;-34.2841;29.1852;32.9619;-18.9453
1397;-25.8614;-192.5897;-90.6661;-6.9875;24.9900;-36.8123
1398;-50.7095;-218.1791;-141.5546;-23.4094;32.0749;-21.4034
1399;-40.8249;-193.6059;-103.9435;-47.7159;24.4188;-16.3525
1400;-88.2252;-195.0829;-137.2550;-73.3858;33.3067;-2.2498
1401;-133.6118;-235.6772;-183.9930;-80.8678;10.2280;23.1990
1402;96.4152;-26.9911;47.5170;-46.3762;-48.6174;42.8018
1403;-1.8541;-169.0333;-86.5088;55.9876;4.8452;7.9147
1404;-94.2049;-247.1708;-169.7883;-65.7430;-2.9321;-5.2622
1405;-41.4002;-213.2560;-134.8589;-17.8804;3.2327;-47.3298
1406;-53.0722;-200.9792;-141.5905;-5.6076;51.9092;-37.2635
1407;-25.9404;-160.8199;-82.3190;51.4342;41.6879;-25.6837
1408;72.9434;-7.6954;42.6431;73.9721;31.0739;-34.8973
1409;62.4632;-15.1022;25.6873;69.1235;37.6066;-22.4465
1410;24.9264;-71.3469;-11.8115;44.2586;64.0492;3.0927
1411;-43.7751;-71.1201;-46.5199;6.1367;83.1669;-12.6508
1412;28.9683;-69.8750;-27.9845;45.5658;42.4285;-28.9614
1413;24.4723;-101.7990;-47.8524;51.1012;40.2375;-1.7269
1414;-3.2986;-142.5518;-46.7636;40.2247;35.5331;13.4523
1415;-11.8833;-155.8755;-38.8029;15.1086;34.0014;33.4987
1416;-37.4532;-166.6264;-69.4045;32.1122;27.3096;45.8499
1417;1.2622;-123.5868;-33.5991;22.2791;15.9053;35.5148
1418;-24.6205;-170.3847;-77.4301;12.4986;37.0093;23.8614
1419;56.6482;-127.9513;-9.8130;16.2659;4.8275;1.5810
1420;80.9427;-91.4796;-32.7830;-24.4241;16.1487;-0.6902
1421;92.4079;-48.0410;-22.7889;-49.7716;30.6942;2.2693
1422;43.3738;-89.5972;-61.3414;-56.6018;21.5306;-2.1209
1423;43.0024;-75.2357;-35.4433;-69.3934;25.9115;5.5775
1424;54.9663;-86.8695;-18.0721;-53.7963;34.4158;21.1281
1425;33.2901;-165.2794;-67.0786;-0.3196;11.7930;9.3434
1426;-162.0803;-333.4727;-247.8417;53.3156;4.6605;-0.4622
1427;-199.6631;-350.1497;-268.8782;-67.0734;-5.8249;1.3763
1428;-246.4767;-438.1317;-322.6239;-29.4657;-5.3002;-0.0620
1429;-129.9454;-277.9650;-136.2574;42.4529;32.2239;-6.1230
1430;22.4634;-56.5505;37.2664;80.1575;21.2104;-11.0172
1431;-22.5738;-95.2969;-18.1861;82.2145;10.2821;-10.1783
1432;48.2265;-8.4688;55.7640;84.6593;8.8907;-10.2615
1433;49.3253;-66.5018;-14.6247;40.0438;36.9738;-26.1612
1434;-34.5788;-59.0897;-12.3205;-4.2952;18.8169;-13.3878
1435;-119.5561;-16.3525;-7.9196;4.5488;28.8470;-21.5336
1436;-11.3533;17.4564;36.3613;25.1635;29.5902;1.5343
1437;-0.9467;-14.3933;-13.2465;14.4537;-9.0865;3.3274
1438;-30.3055;7.5308;1.5767;14.4197;11.9053;9.4259
1439;-36.0203;-24.5720;-43.6328;28.3620;0.3871;1.9980
1440;45.1258;-70.1900;-49.7760;47.8759;-29.6161;16.8372
1441;58.1554;-97.3148;-51.1003;23.4117;3.1060;35.7121
1442;50.2227;-123.6088;-87.5718;-8.5092;8.5896;15.5282
1443;46.8368;-120.8764;-39.0380;-39.7371;-13.9990;-4.6775
1444;17.9797;-131.8399;-69.8524;-57.2196;1.7276;2.4130
1445;60.6909;-72.3566;-12.9894;-67.5619;6.6186;6.3272
1446;-19.3564;-126.5976;-89.7784;-79.1393;3.0158;2.2612
1447;-36.6358;-144.7863;-89.9481;-77.2143;16.2744;-15.0863
1448;15.6410;-168.8325;-85.8892;30.3101;24.9462;-4.2438
1449;-59.3111;-234.0195;-152.5403;50.4758;-2.7159;-3.2993
1450;-116.3473;-271.1513;-195.0910;-64.5411;7.0383;-1.2525
1451;-221.0657;-414.8324;-299.7572;-24.7251;5.6097;8.2964
1452;-142.3917;-289.2288;-147.0582;44.0286;-24.4798;12.6881
1453;5.6615;-91.5948;16.8714;71.7150;-18.9602;15.5205
1454;-10.5069;-82.0397;-16.0006;83.9691;-7.2942;-0.6948
1455;39.8831;-49.5661;23.6394;80.9884;-1.9471;-1.3341
1456;28.6478;-44.7637;27.7213;52.0550;-12.4064;12.3004
1457;-37.1035;7.1040;21.6339;1.4799;-27.1591;5.2270
1458;-27.1351;46.6825;36.1851;12.7399;-15.9084;33.9833
1459;-4.0226;55.0317;53.2343;14.4317;-4.7305;6.7985
1460;0.2288;0.3127;-14.9329;-1.6308;7.8946;-16.8133
1461;-5.1353;4.6940;-8.8673;13.9124;-2.6298;-14.9301
1462;-21.1479;-30.5623;-38.7401;37.7752;-1.4277;-10.1234
1463;61.8391;-48.6632;-47.6043;34.9000;25.2840;-11.4515
1464;40.9659;-114.1145;-66.9228;5.7860;4.0500;-23.1980
1465;20.9967;-162.7245;-66.8202;-7.5052;10.9650;-6.8458
1466;45.8022;-122.4354;-45.6263;-38.9893;12.0993;9.0853
1467;59.5116;-88.8679;-10.2765;-58.0578;8.2661;-3.6148
1468;2.5375;-146.0875;-74.2448;-59.2124;5.0042;5.6350
1469;-17.6093;-124.9015;-74.4144;-79.5368;-0.8403;3.5641
1470;12.8600;-70.2618;-58.3367;-83.7125;-14.2765;13.6881
1471;104.7638;-68.4360;15.9080;48.3081;-16.2654;4.4306
1472;-214.7738;-354.5232;-274.7916;28.2417;5.6943;-8.6799
1473;-170.7797;-317.4693;-242.7495;-68.9339;7.1800;4.9804
1474;-46.4110;-217.3005;-138.8215;-34.2766;2.9899;33.8778
1475;-24.7384;-161.9973;-110.0546;-0.9495;-29.7977;48.5675
1476;-31.8849;-173.5618;-78.7438;35.8569;-34.2499;27.1019
1477;49.6668;-62.5582;21.3419;69.5967;-16.8973;19.7437
1478;72.2110;-10.8473;27.6473;78.3484;-25.4058;13.6043
1479;15.7529;-67.8184;-23.6541;24.9463;-77.2195;0.0253
1480;-30.1550;-47.0475;-4.0046;19.7033;-80.7564;29.3456
1481;0.6155;-84.2093;-44.1819;46.6587;-34.1178;15.5033
1482;-6.7679;-92.1278;-20.2664;54.8455;-52.7943;-7.0410
1483;-35.5833;-148.0275;-56.2620;59.3204;-35.9573;-14.7702
1484;-3.8808;-146.5030;-33.3286;25.8753;-25.8392;-33.2993
1485;4.9123;-128.9803;-32.2530;22.3254;-7.3426;-36.9323
1486;-11.3663;-142.2618;-33.8417;3.0850;-13.4975;-52.8353
1487;-52.0215;-161.2251;-51.3474;16.2765;-48.9792;-36.2473
1488;77.0574;-106.0782;-7.7965;9.9811;-18.3980;-9.4543
1489;77.1953;-98.8707;-6.1201;-30.0957;4.4178;16.5687
1490;80.5416;-85.6505;-35.0685;-39.0383;-15.8301;-3.5961
1491;85.6400;-58.4472;-11.0101;-58.3657;-18.1974;4.4141
1492;8.9528;-111.9742;-68.5081;-71.5279;-18.0135;-7.5051
1493;-2.8196;-116.8576;-53.0517;-77.1561;-16.2597;5.1685
1494;49.6645;-115.6085;6.0132;-16.5012;33.4862;-35.8006
1495;-164.2672;-290.4640;-225.5570;28.6894;16.3878;-0.3494
1496;-446.6349;-595.3324;-529.6827;-59.5152;3.6823;-7.3170
1497;99.6232;-55.4250;-3.3440;0.0493;-34.5496;-33.3358
1498;84.7887;-28.8917;-25.2882;-11.5599;-68.2140;-12.8496
1499;1.1372;-127.5911;-125.1277;-14.2405;-56.0600;14.9172
1500;32.8436;-80.4157;-80.8455;31.2221;-49.3997;20.4708
1501;43.6585;-91.1844;-52.1939;28.6777;-54.0514;-4.3984
1502;76.4064;-51.0576;-5.6928;27.2911;-61.2718;6.9735
1503;-54.7187;-89.5904;-88.5932;32.1917;-82.5073;-14.2457
1504;14.3173;-117.4692;-87.5172;37.3562;-48.5344;-11.9637
1505;-0.2949;-122.4600;-95.4655;4.1532;-63.9847;-9.8287
1506;11.4341;-106.7546;-78.2819;6.9595;-59.5873;-21.6540
1507;-13.8167;-86.3330;-71.8626;18.9517;-66.6026;-19.7336
1508;-80.7128;-95.2666;-112.0839;32.6390;-59.9021;-50.4088
1509;15.9847;-85.1929;-89.7106;24.9597;-44.5224;-41.8124
1510;-29.2754;-86.5854;-78.0365;31.2821;-74.8048;-10.0692
1511;39.4691;-117.5800;-27.1365;29.6239;-35.8752;22.2727
1512;-20.0487;-171.9562;-82.9607;3.1467;-51.7576;25.9044
1513;-60.5497;-191.2012;-113.9659;-29.1154;-58.0819;26.9501
1514;-39.3319;-173.6975;-100.8683;-56.8884;-38.8004;8.0922
1515;-56.6800;-162.3421;-97.6860;-75.4630;-22.1228;21.1151
1516;-69.3455;-185.2453;-125.6754;-67.8540;-25.1854;23.1374
1517;41.7162;-14.7988;-23.9940;-52.7517;-77.3927;-5.0126
1518;80.0077;-35.2413;11.1984;27.1354;-23.7646;18.3655
